140443882
140444884
140445919
140430532
140255214
140301010
140804557
140804713
140804859
140802259
140826761
140831175
140835255
140839762
140839847
140839869
140840200
140840316
140840370
140840506
140840711
140840719
140840821
140840837
140842529
140842863
140843003
140843698
140843837
140844207
140835763
140836138
140836256
140836295
140836521
140828628
140837089
140851131
140864636
140865001
140865406
140865781
140866095
140866357
140856238
140857614
140853878
140857873
140858628
140858874
140862830
140854828
140222704
140444017
140428578
140326876
140326933
140326983
140327089
140327208
140328697
140328943
140330926
140235628
140247403
140408257
140409932
140409977
140410334
140008611
140017368
140017505
140017528
140018229
140018304
140019658
140019700
140023536
140000691
140000715
140000718
140000723
140000741
140004901
140009670
140000798
140000818
140000826
140005478
140010146
140005905
140006125
140012345
140017312
140048602
140048639
140052159
140052417
140026489
140036972
140032529
140057554
140061844
140071820
140073680
140073721
140058069
140058076
140062216
140062680
140059666
140059768
140063592
140060499
140061619
140065682
140057349
140082076
140086706
140090985
140087311
140087413
140078777
140078924
140084051
140084142
140088334
140080148
140084850
140085720
140085816
140081383
140260238
140259829
140149464
140135248
140135428
140135746
140136006
140136176
140181568
140303562
140303632
140309449
140293603
140293722
140190597
140183010
140196309
140184201
140184226
140184239
140184544
140185442
140599881
140659935
140841803
140848061
140224737
140225057
140225276
140225637
140225918
140226389
140228020
140229617
140229754
140211208
140207078
140215396
140219216
140207289
140219623
140212121
140212284
140212310
140212473
140220404
140221142
140209856
140331958
140332247
140332270
140332629
140333446
140311660
140311722
140313482
140313704
140313790
140313801
140232151
140232636
140246151
140416314
140414070
140023542
140024805
140041879
140045561
140045610
140046127
140041951
140042008
140042031
140042128
140042153
140027596
140033212
140072005
140063053
140123637
140125307
140125354
140125745
140127117
140127394
140128148
140128384
140119517
140119598
140120616
140120927
140148118
140128700
140138032
140142106
140129122
140138304
140138444
140138820
140139247
140143898
140143935
140130904
140130958
140131155
140140188
140140440
140144782
140140888
140132585
140132738
140133090
140133091
140133279
140334069
140334231
140334259
140334869
140335162
140335165
140335744
140336231
140336556
140337276
140158074
140162302
140162334
140172207
140172387
140174368
140175167
140168427
140161665
140167127
140293735
140293954
140294074
140299423
140190494
140199926
140199934
140203286
140203295
140203531
140203544
140203912
140204202
140205190
140187653
140197024
140189712
140596814
140596396
140663809
140665135
140661889
140816581
140766093
140766708
140768151
140768873
140770613
140427047
140427174
140429188
140438167
140315252
140315347
140315427
140250280
140240959
140240995
140238572
140239790
140416332
140420027
140420468
140421411
140422817
140422863
140423197
140423851
140424173
140424924
140425555
140425977
140426657
140426666
140426788
140419857
140021521
140014980
140015044
140028004
140044784
140045005
140053874
140066827
140066900
140065612
140078019
140078072
140078219
140089806
140090151
140260372
140276008
140276629
140276643
140277639
140269973
140266236
140270247
140271934
140108916
140109941
140105989
140141771
140145512
140353270
140342644
140346595
140343258
140339374
140343394
140343524
140343718
140340689
140345375
140174903
140179269
140288572
140299918
140300093
140300177
140301720
140304178
140304339
140306963
140284673
140288846
140288878
140285218
140285320
140289328
140289435
140286403
140294504
140286461
140286554
140286642
140295333
140282733
140282944
140296527
140283296
140287580
140283564
140283815
140284028
140195497
140188253
140193274
140529079
140529550
140597335
140666536
140666544
140667020
140665966
140818235
140772119
140780646
140781127
140777239
140777841
140777963
140773973
140774021
140778742
140775170
140780061
140229785
140218645
140429968
140429977
140322282
140322285
140323507
140323575
140323837
140323922
140324638
140321334
140321342
140325350
140321776
140321816
140321988
140321998
140322095
140322229
140245317
140360990
140377048
140377128
140377225
140377276
140377873
140379274
140365351
140365622
140365952
140366176
140362383
140370972
140371249
140359313
140359472
140359710
140363916
140023592
140024898
140025113
140045866
140052411
140053058
140053209
140053244
140043074
140043705
140044794
140066822
140054571
140059679
140064288
140065574
140083713
140084335
140084512
140085207
140085461
140275016
140275857
140271383
140388844
140388937
140397221
140380771
140389276
140385494
140385714
140381734
140390330
140382030
140394598
140382444
140390817
140395837
140388003
140392196
140396223
140392616
140396351
140396390
140396439
140384298
140136147
140141223
140349852
140350296
140350782
140350960
140351720
140351766
140341096
140341126
140172850
140173103
140173109
140173359
140173367
140170406
140306774
140292708
140293232
140293246
140293338
140291520
140291662
140194976
140194996
140195174
140668341
140669561
140669676
140669690
140670293
140789966
140792237
140792433
140786086
140782334
140782551
140786534
140783060
140783402
140787403
140787516
140783546
140787674
140783943
140787991
140788117
140460214
140460282
140460912
140461947
140462393
140462637
140463281
140463725
140464075
140464244
140464331
140464388
140464845
140464934
140465288
140465292
140465620
140466928
140467216
140467610
140450765
140450872
140451178
140451328
140458078
140459424
140452898
140453075
140459780
140226079
140214594
140215163
140216177
140208167
140212959
140216895
140208789
140208808
140213140
140217076
140445871
140446280
140448276
140448444
140449665
140449711
140450136
140450317
140450440
140427447
140432066
140436304
140436691
140441022
140441186
140433342
140442182
140442312
140442501
140442729
140435111
140442856
140311351
140311723
140311821
140311963
140312759
140248916
140242211
140404600
140404704
140407893
140016552
140050541
140050552
140040847
140070656
140063626
140068253
140056120
140064703
140086511
140086610
140086700
140086725
140088942
140085671
140085726
140278800
140279679
140267709
140397468
140397628
140399497
140400424
140400890
140402088
140402597
140402649
140403468
140403552
140403632
140403689
140403815
140403978
140145626
140142008
140142570
140137185
140154602
140170504
140171583
140171588
140171741
140288825
140295389
140288195
140284143
140472103
140472168
140472280
140476327
140467863
140472535
140468605
140468747
140469314
140469646
140469647
140477911
140469968
140478223
140470321
140470466
140470795
140470918
140479280
140479596
140479713
140670776
140674829
140793924
140794182
140794412
140794709
140795687
140460477
140476283
140480195
140484623
140487323
140488470
140477289
140477742
140478028
140478064
140482213
140479483
140479815
140479893
140495238
140503443
140509591
140496347
140505761
140526515
140534580
140535616
140527392
140527453
140527560
140523996
140520885
140516590
140517516
140521780
140546054
140554835
140555169
140559249
140559948
140560003
140560010
140560136
140560337
140538182
140542523
140543221
140539601
140540351
140552484
140544893
140552936
140549231
140565582
140562276
140562695
140563095
140563305
140563816
140564759
140564810
140207903
140208127
140208163
140448327
140253293
140234142
140046678
140070716
140070787
140071003
140100008
140399560
140401777
140402497
140402536
140403108
140163009
140163617
140163786
140583974
140565710
140574078
140574560
140562408
140562458
140562568
140563529
140563536
140576181
140564227
140576842
140564562
140564610
140564700
140568796
140565057
140588522
140592733
140592786
140601162
140601195
140601312
140603246
140603734
140605707
140606983
140607013
140607439
140607543
140585474
140586961
140591104
140624156
140624503
140624511
140624950
140624975
140625774
140627808
140627949
140628000
140628262
140628361
140628591
140629373
140629746
140629824
140630243
140630927
140612506
140608354
140616769
140616830
140616870
140608601
140616980
140617134
140609042
140621508
140609791
140614557
140614575
140618670
140614772
140614900
140618792
140618898
140610903
140610914
140619097
140619378
140623139
140623160
140623227
140611464
140615559
140615669
140619558
140650438
140653544
140639264
140643438
140643862
140631669
140631724
140631746
140631813
140640031
140632030
140632200
140632302
140632588
140632635
140632800
140636884
140633129
140633540
140633851
140646540
140675896
140676528
140676540
140676796
140228325
140240262
140254221
140245257
140246015
140421070
140412540
140415043
140415172
140368955
140368758
140360710
140023262
140036099
140026587
140028300
140065073
140095289
140097915
140098988
140099251
140093850
140256755
140256969
140257901
140257915
140258112
140267098
140258330
140272391
140272607
140127218
140128093
140108781
140115975
140403047
140385596
140385733
140394253
140129789
140337809
140341165
140302811
140302946
140302959
140302963
140302999
140297270
140199613
140198169
140648808
140649576
140649632
140649954
140653858
140654199
140656021
140804458
140796997
140801449
140809107
140801580
140797726
140802397
140798585
140803188
140803227
140803232
140806995
140807637
140803934
140803961
140803975
140804011
140807656
140807712
140799947
140804199
140808084
140800153
140709583
140701536
140705850
140703105
140703306
140708670
140708865
140708960
140695240
140695364
140695900
140695994
140696536
140696770
140697198
140697534
140697711
140697935
140698128
140699646
140701052
140678243
140686371
140682751
140683097
140683212
140691913
140679929
140687974
140692098
140692263
140692342
140692388
140680096
140680545
140680560
140680567
140684745
140684834
140692873
140685636
140685648
140693606
140681636
140439866
140251938
140253893
140417754
140027297
140077549
140091297
140279608
140269841
140397893
140396547
140143557
140144034
140144049
140355391
140355695
140356009
140356021
140356263
140160136
140284839
140194736
140812833
140814080
140814243
140816085
140816223
140816396
140816449
140821722
140822581
140713449
140713491
140713730
140717357
140717888
140717949
140717997
140718006
140718172
140718299
140718334
140718541
140718561
140718562
140720662
140709778
140710364
140714367
140710566
140710710
140714560
140714631
140714673
140711045
140714914
140711921
140715590
140715851
140716198
140716339
140716475
140716562
140712708
140712861
140716659
140716693
140716851
140716874
140717025
140717060
140717095
140717201
140717263
140728995
140737319
140743307
140743343
140744261
140744635
140746148
140746603
140747542
140747957
140730190
140730340
140731134
140726987
140731443
140735488
140731783
140727749
140732174
140740635
140728772
140748539
140757569
140754066
140754756
140750547
140755106
140759052
140755198
140755413
140751044
140751543
140756092
149008994
149022237
149022250
149003344
149008791
149006464
149013414
149001455
149013829
149013830
149001538
149001792
149007619
149005709
149005756
149005864
149009115
149006914
149007030
149001917
149008404
149018442
149003334
149012166
149015905
149016249
149012263
149010546
149001597
149016579
149012746
149012816
149019809
149023176
149003210
149004941
149021514
149021587
149021613
149016071
149018198
149019309
