14239451
14157334
14167849
14050878
14051464
14085611
14835942
14096325
14813087
14813302
14813310
14790520
14790977
14792075
14811893
14811978
14812287
14812792
14812806
14812971
14813479
14813806
14815053
14815230
14811979
14812078
14814682
14814694
14813457
14815948
14814910
14813751
14813770
14814050
14815327
14815348
14815504
14814083
14814284
14815709
14815764
14022728
14215946
14235736
14236189
14236561
14851273
14086343
14835564
14836251
14836788
14837016
14837362
14838912
14839202
14844448
14844475
14265996
14856793
14856798
14856906
14856934
14266046
14084025
14842733
14024254
14027402
14082224
14168545
14223519
14223920
14224555
14224714
14224880
14224884
14226007
14264126
14264715
14265797
14269545
14290254
14853585
14853635
14854674
14854904
14854947
14855008
14855565
14855738
14855960
14856047
14856242
14856718
14857015
14857078
14843446
14156309
14156914
14666270
14840339
14854882
14026816
14855114
14844615
14841496
14844737
14841579
14841725
14855996
14845650
14842032
14853809
14842295
14856358
14290180
14290189
14290223
14842497
14842572
14859748
14860016
14623146
14653959
14654321
14651488
14860005
14652510
14652606
14653072
14653444
14653807
14654785
14655943
14655945
14281810
14312423
14088720
14096278
14096565
14216032
14216799
14217152
14217393
14263108
14265197
14267028
14313635
14580333
14580475
14021957
14009847
14021835
14017691
14016581
14014712
14019064
14023148
14016407
14000667
14015074
14002850
14200524
14060067
14030252
14030551
14157631
14038173
14031610
14037926
14052584
14045043
14023738
14027310
14031265
14157176
14092383
14046677
14063336
14024901
14029468
14029516
14031222
14031281
14034987
14037492
14042606
14042693
14045830
14048584
14048633
14048954
14049422
14049538
14050462
14051046
14059614
14081298
14053282
14206312
14206521
14003248
14051242
14051247
14049381
14079754
14057631
14080123
14092029
14092069
14045760
14045850
14045870
14045872
14046131
14050679
14045190
14045469
14044270
14000983
14001754
14008826
14010410
14011012
14011837
14012335
14012437
14012447
14013655
14013713
14013748
14053180
14014398
14014664
14014674
14014928
14015640
14016395
14016748
14016754
14016875
14017155
14017371
14020662
14050284
14206093
14082505
14071316
14077509
14099187
14093309
14093458
14071646
14081325
14093626
14070580
14085122
14070938
14071106
14091329
14097081
14167955
14132947
14133048
14133050
14133059
14133088
14133239
14137010
14132732
14132756
14132770
14106034
14063770
14116615
14207323
14207066
14207132
14002731
14062757
14063416
14064168
14064174
14064756
14065060
14067204
14067998
14068408
14071680
14073195
14076781
14077417
14077453
14078805
14079210
14080221
14080754
14080970
14083821
14084259
14084586
14085642
14085676
14087362
14088783
14089149
14089744
14090459
14091487
14092034
14092149
14092785
14093995
14094199
14094354
14094404
14094714
14096780
14097165
14098915
14098924
14099148
14219036
14134444
14134840
14135381
14137293
14137416
14137482
14220695
14207136
14207327
14221198
14218003
14218320
14219410
14222844
14224771
14141858
14293941
14001960
14032940
14293443
14429721
14429943
14430020
14521139
14590314
14591082
14584342
14588935
14583014
14591337
14587914
14587963
14584454
14584663
14589288
14589470
14586773
14586803
14583591
14584850
14584855
14585072
14580937
14585587
14587055
14590497
14590535
14587344
14588768
14590674
14590695
14586021
14582870
14648440
14195226
14200498
14810835
14811785
14036395
14063115
14063801
14103816
14426920
14427023
14427090
14427225
14428583
14428790
14430248
14430290
14580876
14580946
14581084
14581115
14581121
14581176
14581499
14581526
14581620
14582287
14582600
14583045
14583349
14583486
14583605
14583683
14583971
14584627
14585685
14586481
14586829
14587638
14587867
14588895
14588915
14589286
14589639
14590174
14590956
14591077
14591645
14591975
14592410
14593127
14594057
14594120
14594147
14594668
14594797
14595036
14595214
14595277
14811511
14811554
14810872
14060825
14853196
14656226
14656406
14216134
14216246
14472100
14857627
14044737
14044234
14045548
14005461
14006341
14239269
14084141
14110731
14111128
14085645
14237161
14064460
14109974
14084940
14236727
14085335
14104280
14209815
14094615
14094809
14209990
14117342
14117510
14095013
14105763
14107066
14121869
14094101
14108792
14111785
14105938
14101247
14107626
14208428
14120396
14147790
14160273
14160301
14148194
14131338
14131539
14126709
14164393
14117804
14117812
14131655
14137505
14137560
14119381
14130439
14130487
14127007
14117983
14208744
14208850
14127216
14130778
14130904
14127493
14119918
14120090
14130933
14151197
14172310
14141477
14166407
14060141
14154950
14150191
14177922
14149406
14176833
14176842
14176172
14176270
14176398
14192400
14173151
14193721
14181440
14144207
14142411
14167832
14169713
14170788
14176541
14177650
14178598
14179161
14179530
14179647
14180226
14180535
14182129
14182533
14183206
14192178
14192519
14193215
14143232
14145458
14145464
14144874
14175809
14191749
14168012
14074216
14075970
14227865
14093506
14113080
14113554
14115396
14115758
14116015
14116519
14117209
14117744
14231630
14226701
14119664
14126424
14130920
14148609
14150445
14150562
14163874
14167794
14097193
14097230
14228785
14232892
14232896
14233026
14235372
14233118
14233693
14141399
14143871
14228174
14231808
14235379
14235481
14245625
14245626
14245765
14246085
14246420
14247027
14247089
14294159
14294178
14049877
14063501
14134103
14432879
14433113
14430381
14430424
14430968
14433321
14433392
14433589
14524514
14599924
14600195
14600747
14601216
14597512
14593912
14601650
14601824
14601946
14599078
14602057
14602242
14602815
14598389
14611119
14611159
14607270
14610914
14608969
14604727
14604863
14604910
14607934
14607967
14610645
14610790
14608481
14605497
14614008
14614019
14129510
14129800
14140240
14140340
14191691
14192395
14035652
14598856
14600487
14601077
14601484
14602584
14602595
14604570
14604649
14605485
14605855
14606107
14607205
14607582
14608339
14608483
14608804
14609122
14614374
14614447
14065985
14787891
14430455
14430570
14430754
14430980
14431062
14431177
14431319
14431399
14431864
14431987
14432081
14596981
14817211
14817400
14817529
14846518
14846860
14170041
14656455
14656601
14574939
14574933
14574942
14122335
14039329
14056611
14132131
14121397
14121990
14054802
14168325
14055713
14056297
14053832
14210020
14302245
14302728
14190077
14190122
14190283
14084996
14190336
14189750
14174789
14176174
14176181
14117521
14175011
14179822
14180370
14180506
14180634
14181334
14181343
14181597
14182189
14182235
14182288
14183634
14183926
14184630
14184731
14194692
14194826
14195842
14196110
14197208
14205061
14181871
14195262
14201140
14201180
14201194
14191284
14201528
14026776
14055468
14065019
14214118
14211444
14205227
14118716
14123312
14211434
14212491
14205692
14210530
14249418
14255398
14241319
14255852
14243919
14252770
14248113
14248155
14259134
14248620
14248768
14213997
14240926
14242319
14242363
14242391
14253807
14271610
14238971
14279246
14257547
14268319
14275056
14271750
14244125
14270349
14271803
14271961
14250623
14250707
14273878
14256892
14271013
14266027
14272565
14271149
14272794
14272806
14251120
14274345
14264962
14265033
14272919
14272979
14163702
14165146
14166788
14167102
14167119
14167372
14168063
14168836
14169253
14169398
14169405
14182422
14182502
14194021
14194110
14201924
14202352
14202466
14203254
14203672
14216184
14217713
14239292
14240462
14244353
14244869
14245385
14248915
14249028
14250782
14251770
14251808
14251991
14252252
14254208
14254801
14254841
14255392
14255472
14256035
14256092
14256135
14258412
14258429
14259431
14262102
14262196
14262470
14262933
14263390
14263414
14265130
14265370
14266446
14269398
14272893
14273599
14273664
14273690
14273984
14274214
14274917
14280270
14275181
14294813
14295448
14295452
14295047
14011755
14011782
14012295
14012940
14081807
14082834
14086180
14086205
14104045
14104063
14104813
14106221
14107044
14440685
14437399
14439835
14436202
14439881
14444994
14436413
14444027
14435407
14440349
14445513
14817631
14625516
14625789
14625979
14626016
14626109
14626444
14627643
14627755
14628542
14624810
14625298
14625378
14625461
14623802
14623825
14623887
14616263
14624176
14624331
14624341
14620542
14621975
14622116
14620898
14635246
14633441
14629792
14629795
14632992
14199935
14199978
14200113
14200164
14202192
14202210
14229404
14302097
14302226
14302421
14811415
14006502
14053173
14615171
14615326
14616791
14617313
14617935
14618589
14618749
14618824
14619069
14619154
14619620
14620178
14620653
14620770
14620997
14621096
14110157
14111103
14111159
14111473
14111700
14621991
14623170
14623225
14623366
14623439
14623576
14623641
14623668
14623837
14623901
14624888
14626290
14626411
14626541
14627236
14627452
14627964
14628450
14628477
14629817
14630221
14630384
14630397
14630563
14630957
14631732
14631795
14632154
14632356
14632455
14434495
14436042
14438689
14439387
14439411
14439737
14444170
14444413
14447247
14847248
14824267
14829733
14824137
14825572
14827186
14827284
14304332
14023761
14213186
14215049
14282960
14149891
14215723
14298895
14299408
14299610
14295714
14281319
14285301
14288171
14288365
14292050
14295754
14296035
14296109
14297226
14297228
14297289
14297420
14297506
14298049
14298124
14298488
14298836
14298899
14299858
14300088
14300675
14300934
14300983
14301165
14301975
14302912
14302934
14302977
14301201
14281878
14281899
14296515
14302830
14281770
14303095
14289195
14295283
14296679
14303154
14024186
14029599
14090097
14091204
14091243
14091847
14289355
14286715
14300535
14315817
14315935
14309072
14312045
14317462
14317694
14322867
14312375
14317727
14299670
14299697
14331845
14332642
14300072
14333163
14308542
14313855
14316559
14316569
14316883
14311498
14309008
14314313
14310265
14354899
14339502
14350655
14341983
14342091
14342619
14355618
14349701
14328154
14356618
14344772
14323491
14341186
14341389
14351354
14341497
14341619
14353672
14351804
14354004
14334151
14334311
14353211
14359284
14338174
14343200
14343371
14348225
14447078
14442278
14442924
14446598
14638629
14638749
14643128
14643160
14640386
14636744
14643201
14643219
14645236
14636911
14641800
14638239
14638251
14643278
14643470
14643505
14644127
14637226
14636170
14636239
14644450
14644522
14641050
14641201
14673409
14644572
14645943
14673781
14636660
14640059
14641437
14637875
14638054
14305944
14308352
14310778
14312383
14312650
14313621
14314126
14314447
14314611
14315024
14316847
14319056
14320382
14321553
14321717
14321937
14322113
14322355
14322951
14323350
14323492
14325454
14325520
14325648
14328663
14330385
14330668
14330922
14331723
14331918
14332655
14333723
14334963
14335268
14336592
14635717
14638576
14638731
14639241
14639586
14639734
14639908
14639923
14640427
14641763
14643098
14643782
14643906
14644145
14646122
14336714
14336752
14337501
14337615
14338733
14339129
14340310
14340941
14341087
14341350
14342702
14342929
14346654
14346772
14347020
14347343
14347941
14348881
14349389
14350886
14352944
14353726
14354227
14356142
14356202
14356988
14360999
14445835
14446530
14015804
14367159
14362110
14367829
14359587
14365077
14366326
14375187
14371600
14823065
14405987
14400910
14402666
14397851
14401260
14406893
14822993
14401602
14407906
14383367
14388850
14385007
14396730
14398800
14403586
14395386
14400601
14390812
14409284
14421736
14415370
14408530
14408831
14414094
14424401
14425768
14452387
14449214
14449236
14456627
14456998
14448429
14448436
14451345
14453779
14454624
14458545
14823472
14466600
14465461
14462411
14462679
14457533
14824505
14460568
14469604
14823562
14459454
14459692
14461091
14818711
14818760
14819082
14819335
14820906
14820402
14820427
14821061
14821072
14821555
14821781
14010273
14095558
14356726
14356902
14362181
14367914
14368514
14368754
14369440
14369489
14424397
14448085
14448685
14449256
14449687
14449881
14450399
14451775
14452149
14460367
14460383
14460722
14461854
14462164
14462570
14371509
14371761
14372193
14374425
14378608
14378704
14381645
14384468
14385699
14385933
14386260
14386336
14387131
14387789
14388224
14388900
14389344
14390053
14390322
14390488
14390626
14392207
14395869
14396541
14397202
14398042
14398521
14400202
14401240
14402505
14403722
14405516
14405813
14408975
14417402
14818107
14819111
14821066
14821299
14822005
14822207
14822324
14823960
14825891
14826167
14826666
14140095
14830623
14830830
14831585
14830406
14481096
14481985
14469026
14474101
14472390
14468308
14471176
14468641
14482329
14499643
14484984
14491527
14491600
14496421
14496444
14487301
14498497
14485096
14496551
14496578
14496704
14491929
14496882
14487382
14487545
14498569
14498681
14498713
14492797
14497343
14497693
14499922
14499928
14499934
14500090
14501678
14487690
14494275
14494364
14494474
14498855
14485524
14485556
14485567
14490538
14487777
14487969
14498988
14498991
14493049
14484484
14495887
14489355
14485735
14494620
14499239
14491004
14503965
14488370
14499322
14491008
14493627
14498181
14498189
14498236
14498366
14498445
14486197
14495171
14505330
14518566
14536268
14541073
14541358
14546227
14506686
14512352
14512413
14528520
14510069
14528958
14529096
14524205
14515558
14508518
14529453
14510127
14520723
14530494
14530989
14523359
14541681
14541702
14537952
14549398
14543200
14543223
14539571
14539615
14532058
14548170
14541820
14543348
14549831
14543715
14537403
14537433
14537506
14544891
14545000
14542230
14542414
14542541
14538791
14545173
14538916
14543735
14543770
14554137
14554398
14554457
14543809
14543963
14544096
14540366
14554540
14537881
14540531
14542645
14534201
14547814
14540783
14541482
14541511
14645270
14638500
14639383
14639548
14644756
14644793
14199669
14200633
14300320
14300569
14645187
14647443
14516214
14517752
14518651
14520178
14522751
14523175
14523217
14523422
14523744
14523907
14525351
14525797
14526905
14527385
14527778
14527859
14528040
14528694
14528738
14529057
14529126
14529299
14529370
14529835
14530003
14530221
14530321
14530497
14530707
14530960
14467044
14467285
14467634
14531060
14531208
14531511
14531678
14532076
14532527
14532543
14532751
14533139
14533634
14534213
14534445
14534589
14534984
14535377
14536012
14536498
14536893
14537055
14537376
14537435
14537813
14538186
14538309
14538505
14538556
14538828
14539211
14543013
14545480
14545596
14545887
14546101
14546283
14546462
14546567
14546591
14546705
14547250
14547784
14549698
14553645
14554584
14554724
14560091
14470349
14472980
14473164
14475349
14475510
14477261
14480069
14480143
14481486
14481870
14481942
14482297
14483967
14484974
14484996
14486250
14486702
14486944
14487673
14487773
14487819
14487846
14487856
14488074
14488083
14488309
14488317
14488611
14488659
14488824
14488828
14489220
14489258
14489582
14490672
14491067
14492625
14493071
14493233
14493729
14494968
14494996
14497651
14498677
14501240
14505953
14510626
14512254
14514151
14514790
14515061
14515167
14515261
14830240
14830779
14830792
14212619
14166413
14240037
14214973
14195839
14199208
14195285
14162171
14024471
14024550
14161567
14159206
14159450
14158193
14159632
14165409
14155767
14163026
14160022
14161093
14007036
14027799
14027603
14019156
14022476
14000365
14009009
14053664
14053706
14243704
14246287
14244531
14240859
14183515
14049245
14035882
14047615
14181579
14034863
14069243
14067761
14067773
14068021
14068036
14067221
14055170
14054391
14058983
14059136
14230603
14055741
14104566
14081485
14172921
14099048
14099341
14099791
14099971
14100399
14263621
14264106
14280240
14077317
14282482
14085154
14261591
14285393
14257958
14112300
14112347
14261413
14111873
14106866
14220811
14198692
14111456
14235412
14127677
14221367
14224580
14123753
14123847
14222431
14129123
14129338
14124665
14127719
14134869
14484461
14483585
14565615
14577191
14577525
14553396
14554528
14563043
14574556
14561583
14571667
14573078
14564691
14578154
14574726
14567098
14563457
14563579
14572115
14562496
14580256
14563827
14565447
14557314
14573972
14574189
14574239
14651756
14652298
14652310
14619078
14648331
14648491
14648579
14648886
14649154
14658434
14648173
14657962
14647643
14657278
14128933
14128941
14128966
14149832
14151873
14152421
14159933
14162406
14166317
14166396
14186821
14211128
14211254
14214917
14215805
14215850
14218119
14243128
14243960
14243963
14262292
14262390
14264011
14271863
14281013
14282881
14283316
14283574
14285296
14285439
14286253
14286369
14286505
14298426
14009323
14021925
14022879
14030284
14030522
14053587
14053719
14054262
14054600
14055258
14056599
14057617
14057844
14060798
14062988
14106578
14107134
14107657
14108328
14113928
14125276
14125397
14125486
14127568
14128446
14648282
14650090
14651916
14550700
14553026
14556593
14557118
14561372
14561702
14561749
14562303
14563760
14564137
14565397
14569697
14574824
14575791
14576179
14576450
14576653
14577265
14577621
14580318
14580350
14580406
14484148
14484568
14850044
14848364
14849474
14849620
14145423
14145946
14648402
14858546
14858553
14858644
14621295
14622912
14628370
14619293
14621919
14649194
14650245
14650666
14250024
14076429
14077655
14182551
14182920
14183269
14183850
14183923
14198465
14230030
14230421
14230611
14230807
14230908
14249159
14250706
14827906
14854162
14203958
14203961
14213110
14213240
14203485
14209308
14150149
14148144
14161081
14018844
14018152
14053361
14039721
14285538
14285618
14285643
14038379
14033617
14034078
14034186
14057100
14285752
14285815
14285863
14287518
14287617
14287705
14290519
14058361
14054904
14058025
14055797
14091070
14091073
14091213
14091648
14091750
14082198
14188314
14174692
14091019
14264282
14284126
14264726
14261715
14284190
14275299
14108778
14267279
14269463
14116562
14114582
14114661
14112697
14110114
14114053
14110769
14110513
14114279
14114307
14116801
14488984
14489205
14490856
14490923
14491062
14676514
14663353
14662919
14663086
14663231
14673986
14659876
14671214
14669697
14667577
14667620
14713233
14713251
14668559
14665151
14669896
14670086
14661702
14658946
14707974
14663780
14671707
14670372
14662085
14666990
14722776
14659131
14659164
14659340
14671989
14723093
14723241
14723251
14665806
14665906
14670697
14669383
14669475
14669485
14670824
14667411
14664506
14669518
14669591
14666004
14702347
14693787
14678377
14711346
14711542
14721446
14713780
14713844
14693396
14711850
14711927
14711971
14699590
14699651
14714066
14710517
14712251
14701271
14714412
14722493
14678640
14695954
14692406
14690909
14697877
14687911
14686524
14685129
14173539
14173809
14207438
14207493
14662073
14669189
14670115
14670124
14670132
14670347
14670449
14670463
14670605
14670873
14671195
14671234
14671295
14671301
14671390
14671545
14671777
14671825
14671827
14672085
14672096
14672153
14672174
14672197
14672440
14675186
14675807
14675865
14676387
14676682
14676855
14677473
14679726
14681089
14681205
14681546
14682132
14682307
14683098
14683572
14685051
14687405
14687719
14687965
14688106
14688255
14689446
14689516
14692505
14692733
14692769
14693043
14693218
14693249
14694093
14694155
14694388
14694616
14694734
14694767
14695386
14695455
14695844
14695862
14695972
14696072
14696486
14696988
14697562
14698600
14698760
14699045
14699482
14699793
14701228
14701437
14701687
14702129
14702194
14702750
14702874
14266549
14267897
14269049
14274891
14703909
14704522
14704548
14704936
14705070
14705099
14705540
14705731
14706234
14706242
14706771
14707172
14708238
14708532
14709501
14711497
14712858
14713977
14714351
14714703
14714761
14714958
14722143
14722666
14723311
14723977
14724593
14733981
14734012
14738737
14777973
14778138
14778870
14779064
14739062
14037913
14053230
14081865
14082529
14089787
14114359
14114530
14115381
14115450
14115519
14115656
14115674
14115921
14020686
14833194
14833953
14834845
14002353
14003407
14004973
14062081
14081833
14185073
14185301
14185654
14185719
14187491
14225409
14225596
14850515
14082087
14041120
14043561
14307381
14040861
14188514
14189427
14189552
14189553
14187370
14189419
14189636
14189218
14189278
14311928
14674301
14674377
14674397
14674614
14674644
14674730
14674831
14725564
14725574
14725633
14712811
14713481
14716629
14713664
14713730
14715486
14716740
14716806
14715773
14720736
14717213
14714433
14766865
14767135
14757310
14762277
14767223
14767320
14752747
14752877
14767667
14767696
14772444
14765669
14770296
14759356
14770380
14770523
14743174
14727711
14764497
14769148
14769232
14763133
14769275
14769430
14753221
14770657
14770672
14770693
14768065
14764696
14770830
14770844
14768131
14768273
14768304
14764758
14769509
14769555
14769581
14761218
14758735
14766236
14760015
14750553
14768438
14768457
14768483
14756642
14750962
14768664
14768674
14769871
14769891
14770071
14766511
14755596
14727430
14768782
14760514
14737282
14768862
14768897
14768902
14768907
14768943
14768959
14731342
14187764
14189776
14729763
14731493
14807580
14807803
14808056
14743807
14712597
14713978
14715878
14715944
14716909
14717817
14719674
14726360
14726605
14726627
14727770
14728068
14728377
14728649
14729161
14729378
14729499
14730029
14731120
14731264
14731428
14732199
14732564
14734950
14735287
14735653
14736400
14737393
14739687
14740114
14740595
14740658
14740744
14740892
14741336
14741429
14741877
14742022
14743035
14743498
14744290
14744331
14744566
14744638
14745281
14745361
14745578
14746549
14746656
14746711
14746726
14746878
14747128
14747611
14747873
14747942
14748832
14749037
14749096
14749158
14749329
14750081
14750433
14750460
14750500
14750834
14751777
14752084
14752250
14752261
14752308
14752383
14752493
14752593
14752669
14753204
14753207
14753218
14753566
14753794
14754447
14755512
14755639
14755929
14756891
14757015
14757197
14758154
14730257
14735450
14746740
14758286
14758889
14759016
14759117
14760231
14760878
14761164
14761352
14762737
14763130
14763249
14763959
14764221
14765713
14766735
14766867
14767571
14767951
14770622
14770766
14774885
14777077
14777649
14779191
14780028
14780457
14781370
14781791
14781810
14781883
14781901
14781943
14782092
14782419
14783330
14784853
14784997
14785489
14786479
14786836
14786977
14788204
14793165
14793539
14794774
14795399
14795484
14796558
14796654
14796715
14797261
14798234
14799459
14800610
14801604
14809429
14809480
14810510
14810660
14731734
14745876
14747148
14744217
14744375
14736013
14729464
14041427
14736386
14806022
14809918
14808755
14810422
14801635
14492830
14805418
14804227
14798026
14788690
14780760
14785381
14781303
14779875
14780005
14785606
