150638720
150456165
150658393
150658417
150665604
150355185
150664906
150663729
150676799
150676413
150675827
150686017
150728793
150742965
150745027
150748441
150762401
150762349
150580381
150524171
150848806
150162442
150444957
150834707
150836598
150312033
150106365
150557343
150032360
150792772
150555747
150720645
150432568
150393375
150674295
150821948
150118078
150354885
150745027
150766230
150654318
150762401
150054142
150888950
150750134
150432568
150197653
150742122
150557343
150218807
150218807
150218807
150123298
150059351
150060439
150218960
150252732
150194505
150104108
150103854
150103854
150032853
150033453
150029765
150032764
150031652
150031466
150031466
150031466
150031879
150034987
150497381
150032537
150032537
150030547
150031588
150032042
150032042
150310329
150311253
150226025
150226514
150224101
150222491
150223030
150222533
150147607
150471200
150471929
150613800
150614540
150613528
150616744
150613237
150617817
150802571
150802089
150032537
150309916
150309468
150149410
150123342
150218960
150103908
150034941
150038567
150311026
150252530
150031588
150103932
150035793
150223740
150031588
150222885
150470483
150032537
150495510
150613516
150062284
150031652
150036066
150224077
150222555
150165337
150256745
150037085
150031466
150031466
150613229
150031588
150741128
150061948
150069143
150123322
150070327
150219592
150322143
150219508
150069414
150070415
150028894
150002141
150000487
150108039
150003031
150003584
150003783
150004256
150000544
150000560
150000851
150003844
150003844
150000402
150009640
150267423
150495916
150496274
150496150
150495300
150120756
150120720
150480983
150309727
150309727
150222517
150152537
150152964
150279314
150277197
150320979
150320311
150320314
150297473
150005985
150495916
150495916
150222515
150146948
150000683
150605736
150006331
150004478
150495226
150496136
150606045
150309727
150480983
150356943
150016557
150252648
150000341
150114688
150120720
150054390
150054958
150054322
150482443
150069022
150058057
150740583
150267125
150069729
150069737
150069737
150097746
150097660
150098787
150098906
150097530
150070367
150070367
150005728
150389913
150099755
150100696
150100696
150101471
150114508
150496204
150479078
150311704
150311701
150310973
150311753
150223992
150170519
150320646
150472892
150266713
150471318
150471318
150802896
150802769
150098556
150099033
150097344
150471641
150069194
150477633
150099522
150028850
150740244
150170013
150801977
150112322
150019987
150741312
150058296
150006063
150010442
150015604
150011734
150013951
150007712
150101431
150012520
150101305
150005153
150035182
150120935
150038089
150036667
150039165
150039688
150040287
150495348
150495829
150495205
150034409
150159641
150183346
150316507
150321154
150321889
150321424
150482278
150608811
150609580
150611102
150612717
150615562
150006049
150039595
150039165
150741312
150101476
150034770
150038736
150401136
150120935
150034409
150012974
150495205
150611769
150079516
150085922
150081366
150081366
150081393
150125109
150080365
150079586
150122927
150122402
150403566
150403422
150200435
150403422
150403424
150403424
150081603
150084252
150087721
150095081
150066454
150081439
150083975
150080992
150080994
150104508
150488785
150016002
150017635
150017309
150017562
150022248
150019902
150020925
150020925
150021574
150020243
150020301
150021839
150247953
150124836
150124840
150124804
150247984
150091288
150125482
150125533
150327391
150089871
150089054
150089760
150089760
150128776
150128911
150089957
150325349
150325344
150374331
150491944
150285696
150601811
150601331
150610593
150614821
150326999
150125238
150327045
150125252
150042159
150614821
150608876
150122247
150403624
150089444
150125588
150079862
150403574
150327542
150125331
150089760
150110769
150109877
150080134
150121917
150121728
150741383
150741380
150218788
150086565
150490342
150249532
150057452
150094046
150285843
150092276
150092391
150090343
150090350
150090836
150490374
150093436
150119756
150490733
150250920
150109312
150290347
150086138
150285421
150290321
150250951
150017153
150011582
150021880
150017531
150021054
150020444
150022045
150021232
150021727
150112026
150094244
150247878
150092580
150077093
150219265
150090632
150089232
150090574
150129095
150129258
150126513
150329683
150329683
150329683
150089999
150089999
150203288
150033036
150248591
150248440
150485197
150485078
150609109
150611799
150290592
150021420
150089999
150373480
150250919
150020444
150089017
150091998
150615164
150092276
150112214
150218712
150127148
150086141
150290569
150084481
150095156
150195227
150091833
150219081
150126281
150112550
150218572
150125771
150090632
150121741
150089021
150121428
150089999
150110677
150062252
150109338
150109947
150109299
150081554
150119767
150083498
150028711
150075395
150028108
150026457
150026457
150025889
150027259
150026149
150026660
150027355
150023998
150025159
150033314
150029913
150029913
150004723
150032127
150248158
150110923
150110928
150029154
150401185
150029226
150129336
150129336
150131936
150134409
150326118
150326013
150248245
150248569
150285816
150373431
150484934
150484896
150063102
150612305
150611983
150612554
150609480
150058770
150062252
150025289
150024659
150326066
150248569
150273031
150326103
150079024
150028108
150610424
150131606
150108265
150128969
150028847
150611331
150484872
150119767
150028108
150128976
150047586
150047586
150048423
150048382
150108692
150289444
150289444
150485492
150289399
150047693
150048572
150057669
150048735
150048691
150097034
150097672
150092798
150900582
150171096
150114311
150112804
150042650
150045241
150041630
150041660
150045929
150045305
150045895
150047010
150047441
150047441
150047521
150401298
150077471
150029647
150344895
150326520
150493834
150326177
150248705
150248688
150248548
150224351
150357036
150610674
150610029
150389934
150494074
150040233
150044868
150355645
150494185
150390124
150389871
150494801
150030434
150048572
150110530
150042312
150022615
150046112
150029929
150493700
150046249
150048626
150114311
150048423
150114266
150253346
150357069
150249591
150249830
150867784
150109492
150171501
150250415
150250233
150345444
150487173
150486884
150151227
150171618
150900967
150487544
150868281
150113313
150494152
150494437
150868291
150113430
150113624
150431067
150813894
150090700
150131499
150131501
150131503
150131503
150132853
150133748
150133658
150130370
150130397
150904089
150131856
150170817
150134514
150134878
150134878
150138823
150137220
150140894
150326372
150135877
150203129
150203129
150138588
150200229
150273651
150492209
150248742
150222218
150253697
150253697
150253519
150329063
150289449
150289449
150486803
150486803
150485606
150249917
150114432
150132813
150113727
150132546
150130418
150250008
150868281
150273711
150195547
150134012
150135877
150539721
150113638
150133633
150109632
150866044
150194751
150132181
150327736
150132863
150222218
150224244
150108192
150114321
150132382
150134957
150326885
150326885
150170916
150171474
150346024
150171053
150171056
150900972
150578367
150431105
150195773
150031181
150171150
150869565
150346181
150869555
150081691
150081700
150140603
150081790
150135381
150081803
150099100
150081641
150140297
150081839
150141240
150144519
150145881
150145881
150141659
150145386
150031999
150146844
150010272
150145079
150143938
150010531
150010429
150141159
150493204
150493204
150493412
150032487
150143060
150082022
150099206
150053479
150492991
150082040
150099175
150387812
150240445
150240475
150387762
150387762
150492512
150492512
150099713
150240817
150328399
150353807
150602250
150599023
150564242
150564242
150296903
150779708
150140953
150286597
150010307
150143210
150146589
150240172
150144519
150273607
150388519
150240519
150240376
150140232
150143658
150328608
150145881
150144591
150098947
150141125
150240361
150328429
150081774
150098978
150099432
150137943
150240176
150564281
150346402
150901076
150688675
150031387
150870887
150579620
150579418
150346435
150870895
150870772
150144460
150010763
150034832
150146399
150146497
150240296
150154636
150119953
150035250
150149206
150371281
150036778
150147537
150154238
150580633
150153790
150147278
150036360
150148152
150147662
150154271
150492551
150580628
150580047
150580030
150580192
150014286
150153977
150014750
150154494
150155065
150035622
150147809
150149521
150387828
150581386
150403650
150404097
150404097
150082112
150580393
150580393
150580393
150403688
150403688
150403843
150403650
150403650
150403650
150014140
150580879
150881369
150100197
150240785
150031480
150289049
150189251
150602084
150299405
150299405
150779719
150031435
150155099
150154605
150153415
150404350
150149767
150403688
150158708
150904662
150870860
150871973
150014757
150011029
150149532
150287044
150580336
150155579
150033999
150155405
150148789
150871368
150287786
150154474
150580526
150580491
150099544
150146604
150580879
150242865
150900823
150901026
150901089
150093669
150689026
150059633
150782100
150689215
150782453
150579392
150875074
150152232
150882700
150581526
150152322
150288038
150154953
150581562
150155193
150155164
150155780
150156816
150404689
150404689
150404689
150404076
150155436
150014294
150158523
150157811
150289710
150156572
150580826
150158680
150290205
150404649
150581928
150406438
150156083
150404877
150404877
150156053
150156053
150403979
150403979
150403979
150161640
150581503
150406065
150161944
150406706
150162127
150406602
150241921
150241722
150241828
150241983
150241773
150241921
150100183
150242430
150242358
150782469
150877201
150782100
150158528
150406843
150166612
150882954
150093323
150433197
150155780
150403932
150241715
150154031
150406562
150403682
150158795
150404667
150403819
150404877
150782469
150579946
150290018
150403979
150157546
150782469
150403722
150403932
150581928
150093669
150156942
150162024
150243826
150050078
150689422
150783010
150689752
150236013
150783074
150883284
150883089
150581763
150004850
150165110
150165561
150165541
150165541
150167788
150167878
150167878
150291794
150167496
150166294
150165460
150293385
150292942
150407266
150407266
150407266
150407266
150407266
150170104
150883236
150881257
150407340
150291091
150407697
150408615
150291144
150028806
150171692
150171604
150171572
150171572
150292067
150409005
150148015
150174119
150174119
150150500
150149873
150149752
150159923
150409160
150602494
150408953
150289481
150291478
150882470
150171572
150408626
150292263
150292586
150408434
150408694
150171692
150407266
150408953
150236817
150165561
150167885
150165388
150407266
150408768
150292610
150292325
150169809
150165388
150408615
150408014
150581251
150407266
150407469
150291746
150171818
150901247
150901308
150104811
150892487
150892323
150892323
150783882
150892524
150892527
150004710
150892148
150883331
150864255
150170049
150294839
150174300
150170736
150176499
150176828
150149989
150150309
150294950
150294950
150179998
150177105
150624855
150408678
150179341
150358174
150179743
150358416
150359714
150358407
150411185
150592221
150358583
150361498
150361950
150357918
150357552
150293360
150293130
150901359
150864377
150150521
150410943
150592257
150169048
150175787
150294950
150292384
150170736
150864377
150193358
150783693
150783816
150784007
150892449
150518099
150293862
150293862
150169725
150169460
150169460
150229740
150229740
150294866
150295714
150295383
150184648
150296099
150184811
150296101
150064296
150184333
150189596
150031095
150031097
150242856
150190012
150064142
150187393
150411315
150296959
150188200
150188844
150188857
150188171
150190549
150296796
150186413
150188889
150592246
150189443
150190586
150412801
150031635
150190661
150191398
150359808
150194654
150160721
150233649
150361754
150501952
150361345
150684647
150362173
150294700
150864513
150184478
150690244
150892695
150192181
150502190
150892491
150691220
150032068
150293862
150185762
150360196
150242856
150901778
150691943
150423779
150694082
150296836
150191955
150299111
150298557
150299517
150201530
150299329
150201739
150198645
150434070
150198616
150198046
150201961
150202517
150201873
150201240
150198418
150202703
150202142
150195689
150413697
150203359
150204143
150051073
150050357
150050413
150050805
150050516
150051586
150152021
150151866
150279159
150152089
150198567
150199008
150169466
150169466
150502682
150423779
150151798
150416050
150151953
150203568
150051233
150051549
150195641
150413791
150050456
150050773
150197396
150203568
150312530
150050529
150312355
150692709
150199080
150626413
150244891
150628434
150628362
150628186
150207202
150206222
150244913
150297955
150434076
150424817
150434049
150199789
150197943
150204528
150203297
150204123
150415695
150203732
150417612
150419415
150419803
150203495
150203499
150203007
150204697
150419638
150418982
150416253
150417836
150417848
150094816
150418304
150213442
150418815
150417900
150416668
150421735
150504023
150317345
150316753
150316837
150319571
150321090
150319188
150319352
150321838
150433996
150207124
150433949
150418166
150206516
150417856
150320173
150317995
150504972
150315499
150204328
150416620
150417886
150504953
150189781
150300127
150202494
150204416
150203495
150317026
150434049
150433979
150204123
150170642
150181433
150056825
150008367
150230157
150066527
150229879
150229879
150206820
150382545
150206949
150206984
150207057
150383975
150694289
150694289
150207898
150207557
150434551
150299622
150420479
150420539
150211727
150214143
150213761
150218338
150213162
150421939
150423443
150421544
150245815
150421334
150218532
150421482
150420918
150326822
150056554
150425673
150423997
150424237
150182178
150423955
150423955
150057199
150102444
150424249
150056800
150056663
150159409
150159170
150183426
150183296
150183291
150423029
150052866
150424249
150301298
150313781
150207007
150422017
150102416
150159021
150784237
150066527
150056988
150211419
150170346
150213118
150213186
150327243
150170346
150056979
150421828
150784871
150784915
150784788
150784631
150784413
150785284
150229829
150230600
150465533
150465533
150718721
150593050
150593050
150592910
150592713
150592933
150592785
150694987
150305239
150227853
150227853
150052905
150152701
150236295
150593638
150008632
150234003
150234016
150234678
150327977
150230490
150235612
150235006
150235012
150235638
150230357
150427783
150427788
150232154
150326564
150427898
150149820
150593050
150427094
150784592
150784449
150226116
150427046
150304949
150313646
150229904
150225287
150230498
150052913
150225141
150322245
150227853
150227853
150427783
150592910
150593050
150427912
150088422
150901931
150257025
150249222
150252545
150258904
150259089
150251387
150784493
150785001
150719134
150305495
150305638
150234036
150234061
150232211
150234694
150235742
150230538
150234165
150234148
150238692
150334182
150204356
150777008
150200969
150153423
150205424
150313855
150089708
150089708
150205020
150257396
150257415
150205078
150329315
150256962
150329408
150329408
150430393
150430393
150840944
150430328
150326571
150326582
150150253
150428996
150327218
150329061
150327564
150103261
150329408
150784743
150200397
150202856
150089708
150205600
150108782
150235656
150150469
150259487
150784746
150334082
150329408
150235742
150205078
150334082
150200817
150327724
150257048
150258955
150259053
150784961
150260263
150260822
150259836
150259846
150260034
150786279
150786661
150719872
150261762
150777022
150330389
150256726
150257277
150205514
150103748
150327317
150430579
150256931
150169189
150328015
150103724
150430837
150018118
150268192
150843651
150843847
150150679
150018714
150265667
150265667
150744629
150262567
150018588
150268571
150432689
150262700
150020221
150020567
150280539
150020260
150505245
150016399
150778193
150784749
150785920
150169812
150262246
150261887
150260311
150786279
150205514
150151616
150260263
150260123
150430534
150256783
150151513
150505652
150261006
150840821
150476831
150265667
150695295
150505245
150432655
150103373
150777212
150267818
150429848
150019073
150784749
150260054
150777212
150092278
150787695
150787707
150787707
150787789
150443663
150265260
150265369
150264453
150268407
150264966
150264518
150264518
150265563
150268498
150268507
150236960
150151156
150265119
150143249
150071859
150106875
150016725
150106885
150072434
150106722
150272935
150272935
150020649
150016455
150275071
150293736
150186845
150296213
150107235
150107797
150275981
150433344
150186248
150274819
150433125
150329210
150433225
150186281
150434953
150433943
150434391
150092278
150433243
150265563
150433571
150274556
150267274
150306499
150434888
150016744
150434634
150273156
150296213
150335405
150017010
150264822
150268287
150273027
150187881
150230741
150264453
150270137
150188249
150269587
150272239
150185828
150185810
150230641
150443663
150323130
150198936
150204232
150324699
150199198
150788077
150787403
150787528
150787528
150788134
150068492
150788177
150719721
150719655
150719655
150130799
150426912
150426912
150070325
150467658
150073642
150695570
150214385
150271310
150271860
150395948
150269160
150279203
150272322
150279852
150279862
150279862
150278959
150279271
150278639
150277129
150277963
150278935
150278388
150329919
150277765
150278019
150188259
150095886
150277573
150095800
150274395
150279706
150278415
150096031
150280113
150280127
150280135
150332112
150329198
150335638
150096136
150096136
150329198
150280231
150435364
150280397
150111738
150434775
150279991
150248240
150278243
150070325
150204372
150204299
150274678
150280398
150323732
150204691
150467636
150324179
150095841
150865556
150279546
150279302
150323510
150095939
150787528
150396289
150206378
150332232
150332050
150331953
150203924
150325272
150325165
150325023
150334486
150334486
150334503
150334503
150333034
150333212
150130913
150720869
150427266
150427014
150427014
150427955
150428089
150840568
150470943
150230927
150068506
150695579
150332297
150113834
150113848
150908460
150174718
150397519
150113972
150113783
150908497
150174740
150280685
150307331
150307069
150307069
150307069
150280371
150174850
150280177
150280177
150280177
150328270
150192462
150439004
150441316
150436644
150438402
150441292
150248243
150436945
150396536
150402156
150440545
150440565
150436918
150388701
150251164
150250646
150250649
150056483
150287350
150250953
150439911
150439912
150439913
150440352
150438639
150440833
150441900
150280712
150056403
150442749
150440913
150440913
150438282
150249915
150442763
150108688
150249130
150332626
150015300
150395458
150396419
150307069
150174850
150333267
150280052
150199362
150892875
150398375
150388276
150441423
150841188
150280077
150280249
150174831
150280023
150111720
150203869
150333267
150594316
150438293
150056501
150442763
150306650
150307236
150307069
150287111
150111782
150187445
150440734
150438261
150111682
150111744
150439997
150056425
150056474
150332706
150902003
150331125
150206120
150206120
150865490
150841621
150841621
150696037
150865761
150069216
150441396
150068865
150111710
150341669
150335422
150342441
150015324
150338982
150443222
150060677
150338358
150339099
150339181
150341938
150443679
150443679
150335234
150341069
150231197
150060627
150337945
150442535
150060888
150249145
150442819
150442833
150444444
150443201
150443350
150344615
150280771
150444196
150444872
150343302
150345313
150445430
150114136
150329352
150445504
150399640
150447071
150061773
150446014
150341069
150337661
150908798
150332350
150338972
150338743
150440733
150333347
150443201
150595160
150333072
150015087
150442045
150442261
150206120
150335456
150445297
150444872
150115401
150061200
150441556
150337800
150337516
150230901
150441603
150333072
150443082
150063348
150342069
150789140
150789140
150180924
150788774
150214690
150334013
150074224
150174945
150399117
150217475
150337799
150063579
150063542
150339301
150343380
150348933
150114852
150343347
150347040
150350175
150158262
150343447
150350136
150345964
150345987
150344095
150346336
150347447
150343715
150350241
150344651
150350284
150344237
150344795
150343345
150343871
150280773
150158081
150446847
150349929
150350972
150351412
150114442
150446700
150350647
150595223
150595226
150446749
150350563
150351481
150595351
150350756
150352701
150595305
150447425
150158471
150595418
150595376
150214904
150343845
150341259
150349702
150339443
150115023
150348234
150447133
150447988
150448002
150447425
150344043
150355640
150339989
150348420
150355451
150214690
150343061
150350284
150350981
150447133
150162589
150344237
150449316
150696374
150086929
150843172
150789954
150789846
150696890
150280746
150280811
150697184
150478151
150866325
150350051
150158132
150174974
150350328
150350538
150357469
150356251
150356251
150161349
150357691
150334159
150352160
150354194
150449115
150331965
150332560
150449246
150450134
150450870
150450200
150359017
150450794
150450935
150359676
150450006
150280829
150382257
150454277
150563971
150280881
150280866
150450726
150069954
150362719
150332560
150450500
150280829
150563971
150789266
150158132
150050066
150389808
150789954
150351929
150449957
150359017
150320288
150697407
150070442
150070442
150866515
150866515
150866506
150480319
150479964
150866430
150231619
150866866
150698795
150698224
150698562
150866917
150119278
150215401
150525036
150698093
150356691
150363672
150361462
150231695
150363763
150867039
150867348
150482331
150383170
150362044
150867145
150451744
150483930
150360722
150367002
150367002
150365427
150365385
150366113
150124226
150381933
150454187
150123927
150456116
150366715
150366331
150366331
150368163
150370649
150456000
150310161
150360547
150368163
150366824
150790085
150069934
150356525
150070442
150481525
150360826
150360133
150380570
150366817
150367117
150451167
150363036
150366706
150524985
150123709
150843117
150473877
150088280
150200230
150201016
150088116
150480972
150483989
150182851
150183070
150335688
150526076
150699074
150484366
150367285
150365783
150367950
150454875
150366342
150459243
150223091
150458911
150487090
150486450
150458627
150340465
150460163
150377974
150380245
150461255
150460247
150485237
150506724
150310629
150506679
150699157
150079898
150299371
150474378
150200204
150699060
150148565
150200230
150698993
150565319
150148565
150380251
150473591
150024323
150024323
150473318
150473720
150201054
150202375
150778064
150202091
150202091
150309755
150309755
150201730
150120251
150121241
150699153
150484052
150340572
150378452
150184953
150378640
150375669
150376401
150303777
150197033
150197286
150076135
150009561
150167789
150167789
150168385
150149933
150461753
150012118
150149641
150266987
150009388
150380079
150381754
150190105
150382986
150380771
150190296
150167932
150473726
150474498
150064170
150383141
150246934
150484052
150085579
150382349
150129546
150148440
150391792
150484052
150375833
150121241
150460793
150473577
150473310
150380079
150340574
150167911
150111525
150474421
150472460
150380079
150380110
150482718
150373149
150487848
150902043
150481503
150481653
150018264
150893314
150398290
150398290
150894066
150448649
150867580
150231818
150485630
150485630
150485295
150868505
150868173
150231993
150231934
150009398
150300235
150482521
150167298
150483235
150464556
150464583
150252860
150489328
150464046
150565299
150006590
150463284
150462140
150388460
150388976
150191040
150483272
150143477
150385125
150385725
150281455
150382393
150385688
150380739
150252930
150398290
150398290
150489269
150381801
150868505
150252953
150867923
150150945
150167132
150313193
150071971
150085588
150064544
150481503
150481463
150483723
150489328
150071734
150868395
150868505
150385125
150231993
150902064
150902064
150902064
150479867
150479940
150479324
150266064
150479750
150166782
150479757
150479757
150489323
150489771
150370514
150222850
150480353
150480353
150481013
150481102
150031791
150031741
150119586
150480237
150480279
150150795
150531156
150791123
150894077
150408450
150699486
150075849
150254558
150002780
150700186
150700287
150058902
150019434
150058088
150894812
150462303
150464140
150506857
150463867
150054853
150269051
150019389
150479389
150480648
150464600
150465534
150480648
150893135
150372699
150479750
150031901
150893933
150791268
150506857
150479813
150902067
150475633
150474644
150467649
150475849
150389386
150299751
150112287
150497262
150112482
150848363
150478982
150119500
150330405
150330405
150163063
150335946
150359501
150358846
150448769
150117677
150166540
150467370
150895080
150389386
150389386
150089482
150111952
150389217
150089948
150089948
150475894
150113258
150476536
150113302
150868909
150111959
150064714
150064714
150465274
150465458
150310989
150466545
150144028
150145722
150850867
150531386
150335948
150003170
150003155
150475348
150301393
150466806
150475609
150148799
150113279
150393368
150850893
150474644
150478133
150267637
150389163
150360627
150474602
150210700
150147257
150850932
150360627
150895252
150112357
150112144
150372655
150361066
150468770
150145997
150165111
150467977
150701436
150252188
150467679
150869034
150353257
150217187
150702098
150118932
150065938
150869104
150869806
150869529
150869337
150232776
150113056
150702930
150211028
150092870
150211011
150091576
150210491
150092870
150266596
150470547
150304450
150297660
150467408
150467408
150467408
150499259
150499259
150274098
150478117
150469173
150311136
150469835
150092870
150702317
150252188
150467408
150266602
150499259
150304442
150112721
150409340
150167494
150146059
150467417
150496894
150496927
150497607
150792009
150461015
150167530
150487765
150449870
150869325
150492370
150567872
150703367
150702450
150118792
150869937
150869750
150093492
150869602
150076635
150168675
150704535
150704535
150476369
150494782
150576128
150870529
150569804
150232884
150207994
150870563
150870634
150870634
150871263
150871047
150508682
150507377
150507377
150271886
150502582
150502498
150501831
150497922
150497922
150499922
150257880
150500110
150500707
150497766
150363723
150167979
150119138
150494852
150870654
150500874
150118800
150870388
150500005
150168331
150210872
150501530
150792009
150496782
150374127
150703034
150869878
150869325
150492291
150169168
150046490
150497607
150168827
150330274
150705691
150705835
150521035
150476696
150311391
150520775
150482799
150520424
150479613
150708453
150708453
150637221
150484912
150707483
150707815
150485020
150523954
150485060
150706665
150486773
150636883
150708974
150636883
150522195
150708388
150023254
150637031
150637031
150023334
150361176
150374416
150271401
150507346
150507705
150039186
150055986
150871403
150373896
150040824
150046905
150011408
150508874
150372201
150374197
150443247
150482799
150166004
150482731
150561433
150497402
150637031
150299946
150523765
150023272
150706764
150373470
150512640
150371904
150707608
150023544
150706389
150207604
150636995
150709906
150710248
150121215
150343946
150124949
150139541
150125250
150513111
150710535
150514277
150133969
150513062
150293288
150052439
150134561
150512681
150133644
150513451
150525070
150525070
150124707
150023328
150225997
150512810
150124482
150124459
150124738
150514320
150226308
150515141
150293535
150514668
150124581
150124581
150124581
150052400
150133660
150023239
150509761
150711711
150513478
150371801
150047140
150297181
150519852
150872731
150872906
150873055
150637818
150124555
150513488
150297160
150519852
150872899
150707745
150293616
150514384
150311561
150052439
150124685
150709291
150134698
150514494
150005324
150225903
150512605
150361469
150360236
150873091
150511841
150511477
150708464
150709860
150297160
150133644
150275780
150711390
150576237
150344020
150512112
150872746
150571251
150517820
150134407
150516207
150516298
150518338
150518338
150254812
150514986
150305220
150526136
150518949
150518949
150005327
150711764
150276587
150518191
150516704
150038870
150515323
150039397
150052692
150526270
150074978
150711386
150306097
150516067
150514947
150334997
150526015
150525455
150526227
150515120
150515120
150522985
150522697
150123427
150227385
150362188
150123197
150277067
150520504
150227091
150520393
150519861
150360199
150521096
150306868
150518210
150227539
150227620
150227036
150306062
150358458
150122958
150520131
150227230
150521996
150227279
150362311
150521371
150035713
150525445
150359275
150520504
150521621
150521215
150598268
150872528
150361159
150255034
150515120
150637670
150227036
150359409
150052633
150052692
150525904
150521617
150520295
150598267
150305517
150227154
150362311
150362311
150518338
150122449
150122114
150526430
150255038
150120859
150359863
150521491
150435795
150792784
150792666
150208464
150105786
150778237
150302723
150411991
150436071
150794878
150712894
150713067
150713067
150713531
150150313
150301245
150361830
150360177
150360177
150300536
150523074
150522896
150043715
150358160
150293957
150523110
150307910
150522671
150358354
150143113
150277204
150041953
150521808
150521931
150521269
150520920
150521317
150522080
150261329
150042949
150227300
150227508
150436071
150277258
150794878
150522589
150292934
150521808
150873249
150522997
150778275
150261329
150359980
150523117
150713067
150522461
150873210
150146167
150043134
150793618
150895447
150578123
150449462
150895400
150209663
150449101
150449199
150449120
150251996
150251999
150115843
150714148
150115718
150714196
150714091
150303018
150403373
150115392
150532237
150533162
150533535
150102432
150534852
150319192
150320547
150535430
150532294
150536248
150532364
150101914
150532827
150102218
150045884
150102220
150045823
150101628
150101628
150528353
150530465
150318411
150101875
150318470
150044382
150493651
150044989
150320360
150282821
150102272
150526378
150526378
150522623
150527542
150043900
150043900
150873611
150873591
150079729
150714915
150045373
150895435
150714787
150713801
150043863
150208634
150115843
150043863
150778273
150714920
150714852
150403373
150714148
150102226
150493640
150101523
150714852
150044416
150713845
150102037
150318378
150532743
150577459
150449407
150162213
150449456
150578055
150449471
150572339
150572339
150252388
150715251
150714971
150115855
150716635
150715219
150452872
150534920
150536853
150537893
150533423
150533423
150102188
150534108
150534108
150059559
150536468
150316799
150536930
150535384
150059712
150537954
150316978
150316978
150532432
150537948
150102198
150534280
150101893
150044220
150045147
150101874
150533255
150045991
150045991
150044258
150318840
150043911
150120280
150539194
150138598
150341907
150543110
150538432
150798325
150715677
150539016
150101870
150540422
150895444
150714863
150714753
150715751
150714954
150537881
150162738
150254766
150162213
150453576
150540655
150101717
150044220
150101874
150162618
150183347
150057326
150536422
150539211
150714686
150392983
150796998
150403649
150717299
150717708
150403991
150797170
150797170
150797170
150797170
150717143
150717653
150540308
150077503
150120145
150550389
150548641
150542349
150483495
150549218
150550151
150547340
150548950
150543214
150545270
150076995
150341990
150341990
150120145
150255085
150254672
150077226
150481674
150484044
150484044
150541640
150045601
150488047
150404129
150799224
150799342
150547340
150547707
150796998
150539544
150541238
150403991
150544423
150548324
150045601
150796998
150544423
150546441
150546385
150541559
150543549
150796998
150403665
150120177
150209906
150549218
150543152
150799335
150717047
150800069
150066038
150394003
150324374
150394452
150324679
150578845
150585919
150460326
150586343
150429772
150429772
150429772
150718824
150428880
150718658
150429173
150405592
150430038
150405499
150550709
150405827
150405024
150074441
150074441
150550566
150549926
150549926
150549572
150550514
150550978
150550652
150550978
150549660
150548259
150551200
150551335
150546516
150407543
150406863
150483049
150719593
150490734
150724452
150719387
150720605
150491674
150481923
150323941
150549926
150342398
150397324
150430038
150550344
150547821
150547294
150392939
150549926
150597307
150551314
150547297
150719578
150550544
150405024
150551290
150718941
150028923
150399383
150395368
150405380
150728359
150722169
150489916
150722193
150724861
150460384
150461151
150281003
150461214
150460846
150281035
150281099
150281129
150498395
150561468
150352981
150475264
150208868
150281081
150223288
150557836
150367416
150370342
150369546
150013243
150224415
150013021
150557931
150266769
150550799
150266619
150324057
150406191
150777968
150777968
150777968
150459418
150213036
150408089
150406205
150490401
150725507
150724610
150725024
150725755
150722346
150722346
150722917
150722648
150721076
150281115
150429916
150800524
150777968
150724190
150012988
150777968
150135303
150222577
150685643
150407011
150725397
150724970
150369428
150111437
150367856
150223288
150727246
150482269
150394005
150567476
150398777
150104509
150474777
150073811
150498718
150140678
150561796
150395327
150562373
150562137
150747712
150104704
150104713
150193994
150200816
150072192
150194544
150200683
150194121
150071548
150136543
150777981
150406623
150136814
150725313
150727079
150725784
150728544
150728547
150728547
150728549
150726024
150728457
150727887
150727720
150727841
150407438
150398777
150851375
150395327
150910372
150209133
150281209
150728527
150728547
150073747
150561917
150498718
150395679
150055133
150030171
150193710
150564488
150483062
150017858
150800848
150730191
150730234
150017775
150566928
150566928
150566928
150561940
150349255
150349255
150349255
150568074
150568074
150748320
150200897
150193740
150570567
150570340
150570617
150570352
150568315
150566192
150565965
150574894
150347590
150569797
150566133
150566133
150566133
150568116
150569767
150569767
150347502
150220437
150567038
150569737
150567626
150347562
150347562
150066942
150729642
150730640
150727799
150420774
150729850
150017892
150420771
150728424
150568315
150566133
150232351
150727487
150569797
150349255
150568978
150567038
150566928
150232876
150568116
150347502
150601900
150566928
150565492
150570494
150233730
150573341
150729864
150727739
150236130
150570617
150568116
150570490
150568315
150569487
150568315
150101050
150101050
150732023
150568049
150576667
150575458
150576488
150573686
150576453
150573647
150570030
150577396
150575096
150574183
150573505
150573505
150371503
150576933
150576933
150568938
150568938
150570727
150568423
150569027
150570096
150575269
150069764
150729686
150421540
150421540
150421540
150730946
150018182
150731876
150421481
150080390
150047782
150047782
150047782
150874053
150873875
150874022
150047735
150080486
150567735
150731140
150571359
150568938
150573686
150577528
150575239
150576607
150730466
150575208
150421267
150570741
150575208
150569625
150421540
150873818
150733432
150734867
150733931
150748627
150747607
150236213
150236213
150332365
150192826
150578573
150270613
150313607
150680275
150681553
150069044
150431203
150431376
150734408
150734341
150452330
150452566
150452423
150874555
150080767
150875272
150353436
150874925
150388713
150875409
150875409
150386776
150569046
150353864
150066220
150047791
150066091
150877260
150874601
150386776
150388300
150876193
150876279
150578670
150388619
150069044
150737768
150057140
150737768
150875891
150236402
150271296
150110570
150394852
150065792
150110570
150355782
150734482
150737412
150578651
150452412
150452430
150738764
150228839
150738366
150604727
150601767
150601780
150601792
150583689
150588126
150586558
150098957
150587095
150587100
150192902
150218185
150375418
150175422
150590492
150192756
150218119
150588210
150175623
150584739
150586882
150056820
150057190
150192723
150192726
150056994
150679689
150431224
150591875
150066521
150177287
150876432
150876714
150229084
150605989
150588210
150394343
150600989
150056994
150738415
150606319
150190062
150586962
150192691
150401639
150056994
150056994
150876432
150099369
150584798
150739420
150586801
150587100
150098608
150584404
150738465
150617331
150613920
150616543
150613579
150616784
150623419
150613565
150619174
150619267
150619272
150619272
150618995
150619014
150622727
150622922
150623632
150623829
150620624
150619734
150620761
150679956
150680713
150591468
150026848
150026848
150877694
150802277
150565730
150615332
150619282
150618924
150494773
150026848
150878632
150619014
150613371
150589591
150620778
150741630
150424584
150816282
150614695
150614695
150629838
150624234
150626709
150626077
150620813
150627336
150623480
150627486
150626972
150627447
150619061
150627455
150627522
150621180
150618289
150629168
150619410
150624622
150624622
150621230
150629369
150619743
150621553
150629891
150618750
150623232
150629703
150619684
150569270
150458776
150458776
150458776
150458092
150569451
150045248
150161329
150319478
150819828
150319369
150816851
150819002
150818767
150624190
150632463
150705862
150627319
150425002
150624098
150458776
150820517
150627447
150627319
150618770
150814937
150741620
150620928
150620101
150458776
150820576
150160895
150613620
150629152
150820506
150624529
150629168
150627447
150682739
150425103
150083123
150458699
150459794
150570809
150570268
150385974
150189062
150707592
150045669
150045760
150188324
150036499
150045437
150045488
150045498
150220992
150422085
150359496
150422834
150220846
150552346
150552637
150222014
150516667
150515927
150308315
150308315
150307305
150307807
150221796
150308220
150221695
150308050
150308084
150427603
150307254
150308345
150777918
150307068
150319133
150820551
150820713
150816734
150161833
150082964
150307558
150509443
150570809
150228439
150045504
150244396
150188324
150187206
150187592
150161119
150189054
150034926
150250714
150105335
150426616
150045405
150045508
150359496
150421460
150221952
150307857
150427603
150319133
150498470
150570848
150853329
150776514
150552521
150035941
150341577
150269672
150708633
150363074
150126551
150126958
150910734
150824552
150097733
150708963
150910809
150468942
150468942
150468942
150473411
150363576
150824801
150098058
150038682
150041353
150181035
150270717
150916683
150126352
150040444
150039855
150270668
150038472
150040386
150270393
150710843
150076157
150546298
150807808
150295697
150295612
150075972
150075972
150075972
150853595
150554898
150853805
150427500
150852298
150857007
150853947
150270668
150910768
150228865
150910768
150180615
150180533
150270668
150546298
150427323
150708963
150546273
150855275
150853693
150037071
150855722
150855195
150216767
150854853
150910750
150293624
150419855
150468291
150711531
150711531
150712694
150181379
150098141
150710281
150368441
150420064
150579207
150228845
150579549
150117104
150341339
150088162
150228897
150091446
150091446
150067883
150068035
150306690
150092200
150092200
150541564
150381767
150092492
150209652
150209772
150068373
150067444
150067487
150089754
150384099
150116056
150780701
150383683
150385098
150116175
150186235
150237460
150173023
150173023
150027645
150237502
150883063
150582279
150582279
150396227
150581028
150582086
150027633
150881333
150882500
150398894
150173701
150499932
150543252
150540919
150307737
150307737
150307737
150528762
150308382
150541301
150307428
150307428
150226562
150364773
150069523
150173701
150341364
150880965
150564320
150807841
150127825
150582086
150524714
150237541
150341983
150098144
150127057
150453591
150564328
150067655
150540731
150543307
150880972
150542688
150067007
150816346
150816430
150425973
150161808
150161425
150425813
150083609
150018792
150083359
150196399
150083553
150210207
150916982
150524362
150524759
150365302
150209419
150395237
150567192
150881003
150237448
150237448
150568884
150882212
150882226
150873656
150499708
150881774
150882881
150582146
150880043
150143688
150885987
150506648
150506028
150506959
150496629
150489674
150886862
150886912
150499635
150499635
150886369
150887115
150882981
150475924
150336188
150196386
150027376
150172809
150351302
150886496
150399463
150496987
150886369
150882371
150917212
150336886
150399386
150387876
150395237
150582318
150495611
150916968
150336188
150580845
150546081
150545488
150546641
150098225
150098315
150098315
150098295
150336842
150811340
150524978
150503045
150370673
150453872
150556194
150209937
150336529
150210124
150809743
150810015
150398727
150883721
150539436
150309947
150310528
150310528
150397040
150226066
150226066
150544975
150544975
150777923
150777923
150777922
150278487
150886160
150886160
150348451
150278661
150502522
150386293
150350327
150350118
150348968
150400854
150226966
150497966
150400685
150310528
150279176
150550364
150540887
150098315
150539912
150580379
150540588
150882644
150237752
150777937
150515518
150226066
150580613
150528832
150279244
150562269
150884212
150226066
150528888
150310528
150310528
150309650
150209349
150883842
150209962
150331373
150098369
150798160
150798305
150332932
150799621
150800573
150239973
150332690
150503530
150172316
150896961
150896798
150896799
150896239
150896905
150079033
150895949
150077076
150896291
150077184
150077184
150078448
150079090
150073499
150503937
150808032
150295371
150292684
150079421
150897069
150398484
150398484
150174132
150883661
150518711
150518711
150521289
150519402
150278956
150886783
150886783
150886783
150279255
150348612
150384363
150388483
150388500
150779319
150520134
150495696
150117670
150896686
150077160
150807928
150800573
150239769
150292684
150808815
150331722
150896340
150897069
150798305
150810249
150884628
150504698
150349351
150079214
150239776
150581073
150812172
150813253
150811429
150529128
150529141
150529729
150239859
150802429
150803188
150799978
150240054
150811501
150811810
150811810
150811480
150189483
150189483
150079294
150079294
150897004
150892774
150079253
150552845
150809627
150810464
150191251
150398812
150861969
150861501
150014680
150229367
150860351
150463109
150862372
150392240
150861507
150878775
150897087
150529141
150079253
150219503
150859584
150077676
150549621
150862594
150879498
150529677
150240082
150079253
150862322
150778069
150860036
150863840
150635319
150634899
150634899
150094499
150917513
150552755
150132890
150392119
150133373
150861318
150237305
150464877
150177786
150461205
150252959
150461314
150878965
150860590
150863591
150863605
150863776
150862763
150856623
150858699
150862167
150075593
150229379
150177757
150216713
150856606
150857145
150587722
150859839
150216078
150857072
150857080
150857082
150075478
150857892
150858814
150216560
150587892
150253242
150857189
150217168
150427663
150635404
150860580
150552755
150863776
150498597
150863769
150216713
150860665
150587888
150635261
150861038
150587668
150861255
150856807
150587815
150685889
150177739
150216124
150859129
150860868
150863300
150552731
150516490
150516864
150005451
150005608
150005472
150524776
150634219
150634071
150630004
150630878
150633208
150630221
150635568
150635622
150635633
150634507
150635106
150635116
150634881
150633662
150685972
150330569
150180436
150686601
150409506
150180181
150159866
150686182
150286002
150688391
150688391
150330951
150094491
150688318
150330827
150526627
150526627
150096868
150363741
150505805
150917519
150136534
150781292
150180269
150180351
150159508
150634115
150330658
150687420
150688296
150635340
150632611
150631011
150686712
150329383
150686745
150630119
150635106
150630047
150028198
150686196
150517263
150688161
150687356
150686584
150688535
150286622
150526750
150329518
150687198
150729647
150741963
150743122
150743122
150742085
150729047
150729089
150736274
150728744
150731941
150731842
150729249
150729609
150742740
150733836
150729429
150729429
150741790
150741794
150736922
150730888
150741968
150741968
150732506
150729011
150742685
150729815
150729815
150729815
150741823
150745316
150283615
150917523
150191878
150347537
150192140
150780662
150780724
150073966
150688494
150192054
150072658
150780777
150732902
150744740
150742293
150688535
150688537
150688535
150850242
150735585
150474684
150688494
150743255
150283790
150688535
150729047
150736684
150443415
150347365
150733462
150183799
150743633
150743669
150743669
150733389
150744590
150742886
150743836
150737144
150737016
150753546
150734587
150734587
150734983
150748426
150748427
150737579
150749974
150465586
150750298
150749922
150752420
150752833
150746748
150734587
150734587
150752833
150748394
150745190
150749945
150735116
150752574
150752574
150752841
150192171
150175082
150175082
150334676
150541215
150541378
150162389
150751855
150897455
150749002
150734587
150748422
150752420
150736573
150541378
150733389
150748204
150192043
150579596
150752574
150756839
150757308
150756684
150756982
150754012
150754012
150755197
150753387
150753387
150753893
150753897
150755774
150755774
150754035
150755774
150753454
150753454
150756162
150755945
150755282
150755774
150753893
150755020
150755968
150756332
150755968
150463006
150750970
150753030
150748983
150748983
150748365
150761377
150764598
150761136
150759590
150761054
150758322
150758322
150767066
150762210
150758166
150364172
150759286
150758388
150759108
150758863
150767527
150762322
150763095
150761156
150763286
150764791
150758106
150767980
150757020
150755015
150753338
150755536
150755968
150756839
150755095
150758961
150362811
150767527
150757747
150753893
150756154
150754186
150184116
150467333
150753387
150755162
150758388
150757158
150756822
150751303
150758363
150763558
150748983
150754240
150560435
150767335
150761656
150766903
150356848
150361764
150764584
150762039
150760090
150767228
150766177
150766177
150764267
150765594
150359637
150359637
150764223
150764978
150764825
150770964
150770964
150771313
150770875
150768279
150770832
150769371
150769372
150769105
150768237
150772314
150769050
150772428
150773088
150767944
150769372
150767160
150767551
150766465
150364435
150651653
150770964
150772314
150764348
150771309
150364632
150770120
150770867
150771564
150768548
150771274
150759737
150638064
150642073
150636091
150636091
150638115
150317460
150317460
150317460
150533915
150533989
150637559
150319322
150011039
150318489
150318672
150318672
150635989
150635989
150637470
150638697
150560618
150560618
150635745
150319023
150319023
150642636
150455645
150456410
150643226
150456038
150646225
150771048
150772469
150768625
150769241
150771385
150768893
150772892
150769598
150638639
150769334
150769351
150533457
150317915
150643249
150752196
150533457
150644403
150645938
150769879
150646516
150772555
150317493
150644478
150644139
150769879
150774112
150317763
150533333
150533333
150649484
150319414
150771015
150534081
150642222
150011067
150647205
150645242
150646000
150652374
150649526
150646061
150645814
150650915
150650918
150644988
150647256
150642912
150649548
150646655
150649857
150648990
150643714
150647802
150650730
150649309
150643451
150658503
150652675
150655444
150659422
150657961
150654052
150656209
150655882
150655875
150657689
150534436
150647800
150654792
150652069
150646910
150656141
150534695
150645283
150647251
150645576
150647166
150642790
150649451
150646943
150647204
150650247
150646766
150641019
150652271
150650074
150657832
150657832
150655650
150658493
150653224
150653568
150654253
150659687
150660015
150657631
150652824
150658414
150659400
150655298
150465539
150655025
150657903
150653959
150655474
150655822
150658535
150656583
150656583
150657658
150657653
150657997
150656247
150656259
150657678
150462005
150662864
150662951
150657798
150663574
150663574
150662979
150470551
150358346
150663067
150356283
150461709
150364912
150507631
150917817
150192276
150657760
150652965
150655867
150655419
150654078
150917817
150660702
150662208
150655445
150657756
150658016
150650119
150663067
150662847
150663574
150082700
150461170
150651122
150657650
150658361
150354085
150192273
150658938
150665811
150666699
150662171
150663493
150664112
150665615
150665970
150666512
150671419
150663118
150234883
150671741
150668567
150664962
150669156
150664161
150665311
150359228
150664298
150459881
150664270
150676081
150668925
150667414
150653895
150356988
150125896
150654512
150125608
150339782
150780600
150672264
150663118
150671577
150662427
150579827
150663055
150665584
150234943
150667692
150669763
150393496
150668727
150669724
150675527
150046361
150664119
150666334
150780600
150669290
150669062
150674434
150667816
150667818
150676797
150676797
150679406
150679406
150677671
150675965
150676303
150676313
150680440
150676443
150678883
150675166
150508538
150508481
150677987
150679647
150680776
150678508
150361591
150675486
150675666
150679764
150679764
150678858
150679795
150679795
150677372
150677689
150680260
150317007
150137879
150380803
150000021
150680800
150676032
150443748
150675880
150674668
150678685
150317007
150283156
150673667
150671964
150669710
150675557
150679182
150675703
150680173
150671019
150675930
150677928
150678863
150676344
150266048
150674122
150678883
150677181
150670573
150192343
150072789
150563814
150681069
150680850
150680850
150680860
150680860
150681606
150682142
150682846
150682846
150681025
150681174
150681366
150681714
150681466
150683650
150680977
150681494
150683748
150683748
150685480
150683845
150683710
150684164
150683500
150683820
150683563
150683563
150684126
150683137
150803645
150803099
150803604
150193191
150548667
150550020
150381228
150805212
150549219
150806616
150071959
150776259
150549267
150776245
150805410
150774333
150774518
150803887
150804122
150071213
150775011
150365521
150000136
150683748
150071128
150685189
150685384
150685339
150683667
150774419
150681576
150682106
150685341
150685199
150377262
150683788
150685199
150071338
150803099
150684164
150683312
150683961
150803068
150803170
150053857
150377802
150415352
150239112
150239142
150239152
150552052
150547749
150250550
150805287
150244665
150422749
150359635
150249793
150551869
150552330
150552468
150552468
150422642
150494278
150545815
150775526
150775400
150774794
150412450
150803911
150803911
150412925
150775605
150774859
150775314
150412941
150774847
150775280
150048291
150776365
150776376
150501234
150421238
150775312
150775406
150775041
150774652
150551842
150545935
150412833
150126070
150234348
150552543
150495590
150774903
150497972
150537917
150400664
150053606
150400959
150053641
150053613
150172538
150318297
150500202
150172590
150239346
150239321
150239330
150299402
150580375
150864283
150365648
150239595
150561051
150580368
150126528
150522689
150315393
150000185
150561202
150126550
150394200
150182063
150778380
150373813
150315502
150315502
150399591
150394702
150383962
150014502
150037614
150014154
150052792
150263691
150014074
150014218
150013856
150891846
150014575
150781522
150262317
150014564
150014238
150560893
150498045
150778380
150014549
150864361
150848722
150052587
150561095
150014537
150538303
150499534
150172590
150126430
150239694
150263419
150299454
150580236
150126449
150297268
150172604
150126430
150126621
150399591
150560913
150243185
150499175
150580236
150398330
150374052
150126587
150538059
150374849
150374849
150374720
150537700
150126875
150126891
150126891
150163716
150884394
150913425
150127098
150884457
150127109
150913400
150394911
150118093
150913494
150163366
150175358
150396180
150007079
150913681
150319252
150913561
150372526
150319715
150175362
150284498
150913630
150007095
150789160
150714327
150284763
150398380
150507720
150397680
150397680
150918335
150292834
150291696
150291696
150163241
150031072
150080659
150182056
150291889
150508255
150529049
150292590
150529422
150529431
150163524
150375514
150292834
150557241
150175362
150284660
150030932
150163716
150175363
150292834
150913432
150374636
150365852
150163500
150291840
150374865
150127013
150126891
150913681
150007095
150918335
150394558
150397680
150163656
150398450
150902333
150864961
150865077
150913294
150372398
150913904
150913904
150913904
150394324
150793981
150104792
150105258
150395393
150432828
150913279
150913729
150913835
150106069
150790143
150081076
150181108
150415035
150415035
150899459
150899459
150903314
150017896
150719962
150415035
150322985
150720090
150528610
150528610
150526790
150793230
150365798
150526792
150519553
150791785
150719599
150017951
150017951
150201609
150398500
150032096
150904261
150555669
150718392
150058473
150899511
150290196
150902772
150719216
150789218
150794578
150375730
150057545
150058691
150864944
150849686
150794451
150414551
150106044
150913822
150106488
150913954
150432806
150905950
150903029
150720322
150866836
150414475
150161493
150431494
150865095
150865010
150864692
150437220
150161235
150434109
150395742
150415110
150913993
150904653
150905864
150903054
150903469
150904202
150904222
150905268
150867599
150903549
150902921
150903154
150905467
150434273
150905508
150906003
150841298
150903680
150904567
150905314
150433680
150724834
150385909
150385909
150385909
150398719
150905766
150415041
150904312
150902953
150161333
150161333
150720153
150842784
150718423
150907642
150907057
150282239
150915115
150255801
150255774
150108105
150255575
150281609
150108069
150809196
150208227
150511376
150390802
150915693
150282027
150437373
150903740
150281765
150161235
150433838
150720014
150906119
150906121
150282347
150438484
150906114
150905628
150392573
150721660
150902714
150721504
150905096
150902752
150905769
150719083
150391585
150432535
150389530
150914214
150433703
150161216
150721906
150907057
150208496
150566024
150915839
150391654
150392942
150915835
150564115
150564185
150563409
150393893
150391241
150583791
150106963
150123605
150395400
150394237
150564097
150565724
150107432
150511293
150282434
150915380
150392150
150108103
150108103
150511161
150281636
150281732
150511723
150389326
150435048
150281994
150282372
150208348
150282206
150389048
150508996
150566687
150915746
150915392
150281613
150915832
150435046
150281848
150282314
150527116
150393234
150387914
150432444
150282487
150432571
150389691
150505720
150390650
150379118
150282525
150567526
150431847
150441717
150503284
150390342
150431613
150431618
150439328
150439768
150314998
150393117
150564616
150501111
150918726
150918726
150898259
150452772
150315107
150811075
150503939
150528107
150314791
150914411
150914852
150196862
150905287
150314993
150436720
150281858
150914143
150564343
150393893
150285001
150915583
150208727
150432576
150432020
150435048
150395680
150438991
150390278
150281814
150388531
150914708
150123928
150314580
150389603
150441604
150435048
150583767
150282379
150314580
150511677
150564063
150527863
150392202
150432484
150823666
150820611
150820785
150821431
150822515
150284930
150128688
150314448
150399075
150195090
150314500
150526973
150289849
150128848
150128848
150314448
150128905
150128988
150289603
150290316
150918710
150452585
150315130
150315006
150505772
150452476
150380239
150453101
150285158
150441280
150400332
150314739
150527611
150500350
150781511
150314768
150502086
150314900
150502102
150394420
150315099
150315099
150527434
150527434
150505553
150378800
150452673
150314760
150315214
150314913
150918746
150505072
150566267
150452374
150378516
150583850
150382112
150818612
150527745
150822863
150567247
150128821
150314774
150128417
150379978
150504809
150315130
150505626
150453146
150502121
150460540
150527361
150822478
150820053
150379730
150315180
150380522
150382089
150314760
150503515
150830824
150831253
150831739
150831760
150164806
150211326
150215970
150828583
150831525
150831529
150051749
150830980
150050692
150825968
150830877
150094903
150291256
150291256
150324272
150094925
150828742
150831604
150051723
150140050
150826881
150831615
150825703
150837506
150835557
150838849
150372619
150374188
150374188
150836345
150116459
150836382
150835319
150837395
150838154
150836982
150513310
150516631
150835453
150522266
150837264
150837274
150836259
150517448
150140133
150520205
150514328
150515173
150116418
150829858
150051065
150832497
150833967
150291519
150835738
150290179
150837125
150837140
150827832
150828533
150837240
150394246
150833042
150050633
150842510
150836884
150516124
150374582
150836311
150839148
150139749
150836901
150836388
150511512
150837996
150831688
150512558
150512558
150512558
150837026
150374304
150835771
150829660
150838702
150836046
150837161
150140074
150291482
150837166
150834210
150835400
150837228
150838070
150836183
150368327
150842710
150846901
150557492
150837318
150835134
150839864
150368593
150838905
150517369
150836926
150887587
150887231
150887235
150002538
150887909
150844577
150368963
150368963
150846208
150557561
150844184
150844129
150368840
150066384
150846941
150844266
150838891
150065243
150557394
150557271
150839358
150888402
150065865
150002396
150369222
150841768
150840180
150557452
150887228
150847896
150847205
150071899
150089453
150097131
150092378
150090948
150083973
150250987
150068073
150868739
150194737
150901350
150901350
150005031
150077389
150433210
150781888
150126092
150126092
150784484
150580155
150404954
150029701
150291180
150291180
150179932
150188161
150031192
150694096
150694096
150694096
150694096
150195557
150062192
150312630
150421429
150326590
150684432
150233624
150233624
150233624
150332458
150253525
150205790
150205790
150430485
150362222
150316370
150318798
150484342
150606814
150604764
150801737
150889571
150226667
150092378
150131415
150310517
150114990
150428408
150887758
150089816
150741174
150097131
150001547
150433312
150025179
150292545
150127680
150249473
150113080
150140329
150406269
150801798
150267435
150101353
150202639
150684247
150213055
150581432
150323473
150112420
150251363
150266227
150785439
150787905
150787905
150018736
150473580
150270186
150270186
150397053
150389602
150095866
150188306
150188306
150280259
150440959
150108469
150339439
150446051
150157970
150343585
150344845
150344845
150699249
150352226
150894790
150867171
150792200
150450896
150450896
150190348
150482356
150211138
150299195
150562006
150636981
150466746
150281409
150466228
150302895
150707703
150435676
150435676
150435676
150435676
150460780
150055905
150156767
150585421
150188878
150533182
150596292
150533744
150101901
150523581
150521782
150227182
150910690
150056834
150545474
150551248
150550014
150539856
150545213
150547004
150542572
150569144
150136579
150566788
150271415
150271415
150271415
150271415
150271415
150271415
150725709
150727933
150066342
150047678
150352596
150399061
150427958
150087336
150473580
150344661
150075455
150551248
150118412
150705969
150275965
150275866
150546789
150370463
150271415
150428145
150525658
150545213
150157970
150265169
150399061
150402809
150007252
150379489
150102106
150431584
150848589
150613375
150614221
150318498
150318498
150318498
150318498
150455897
150658945
150663117
150664963
150679357
150681002
150180581
150910793
150329404
150732834
150745644
150745644
150752068
150765844
150079323
150769976
150077390
150771998
150239182
150192304
150126470
150393232
150464912
150781286
150781286
150878992
150471246
150857131
150401004
150559968
150559968
150017657
150180931
150180931
150841084
150255262
150389193
150282161
150679357
150308125
150397415
150217208
150753884
150681480
150685592
150730574
150431739
150756603
150431679
150678525
150550923
150753884
150570836
150561025
150385501
150901792
150021451
150041589
150330613
150783249
150153664
150287829
150082151
150404869
150293078
150150563
150150563
150099503
150179525
150207064
150188683
150413128
150062308
150056653
150056653
150056653
150313577
150009023
150009023
150329113
150113913
150071687
150095663
150316098
150204500
150613817
150613817
150612002
150614113
150612990
150220426
150837671
150522174
150889536
150822116
150222172
150222172
150288122
150288122
150127828
150214347
150837671
150310979
150109076
150005229
150345160
150158563
150836979
150192019
150827929
150070407
150099714
150041589
150416372
150062308
150610319
150005896
150112191
150009023
150167615
150421977
150424280
150547195
150476225
150848362
150865297
150183053
150340770
150175030
150280767
150446855
150158059
150446718
150868303
150394089
150637212
150009452
150009580
150173445
150173445
150714690
150173445
150536604
150101800
150532434
150101770
150222561
150070321
150624816
150057786
150618815
150618815
150588237
150588237
150570074
150431163
150431163
150101267
150729977
150877057
150877057
150874740
150230885
150224158
150555941
150541232
150800897
150057786
150361755
150173445
150345467
150884934
150307908
150261368
150335529
150158059
150534543
150638442
150641147
150649023
150647636
150654802
150662084
150686495
150687526
150824753
150530079
150742944
150333189
150753274
150580659
150745336
150761669
150763663
150811205
150766333
150759414
150395889
150882615
150283030
150394230
150864426
150529255
150529255
150541771
150472205
150847561
150838800
150385133
150913406
150837120
150828156
150014214
150846345
150849320
150161509
150526925
150107384
150840261
150905551
150905668
150723167
150508949
150511911
150204870
150440780
150289236
150289236
150668168
150204954
150635332
150372680
150128457
150638355
150774459
150903447
150688431
150687521
150774558
150336781
150779174
150675284
150914002
150098612
150013582
150103959
150021913
150025346
150027375
150113571
150034394
150122205
150247848
150089033
150117161
150782287
150050127
150869663
150892324
150892324
150290100
150292304
150787877
150241662
150356680
150185704
150190081
150592757
150195958
150070601
150358333
150265163
150256855
150434678
150096131
150015027
150063419
150349159
150343297
150346889
150363047
150363047
150123699
150365927
150471112
150471167
150610538
150802897
150363181
150112600
150070601
150234047
150350880
150037173
150131841
150112523
150122205
150294613
150365927
150581324
150123699
150001499
150892315
150404774
150330068
150841881
150093612
150309992
150357915
150404774
150416531
150331473
150299522
150434522
150070601
150091565
150331131
150199605
150328960
150531295
150701232
150145872
150459428
150090091
150463835
150476951
150561612
150297945
150007166
150448933
150870161
150374202
150533972
150101726
150614115
150617989
150614306
150519838
150276824
150276824
150618758
150626554
150626554
150543228
150375352
150370419
150569891
150431151
150824519
150720358
150035253
150336033
150390199
150542438
150853363
150307608
150499163
150818241
150215633
150538595
150496605
150502900
150322553
150090716
150519838
150748095
150568877
150732529
150542438
150514969
150101726
150301626
150162587
150468882
150063135
150870923
150000253
150312853
150011123
150560390
150643267
150670772
150668821
150682298
150676407
150685513
150755097
150556258
150764871
150758587
150767526
150071091
150774493
150896014
150296009
150239572
150139999
150844980
150278996
150833968
150829649
150372409
150818354
150398009
150127567
150375577
150557655
150174859
150906017
150720301
150388482
150527089
150778166
150778172
150440092
150517279
150756155
150237726
150077386
150751469
150278882
150904187
150754676
150842872
150907144
150390348
150680939
150159429
150183014
150737008
150839436
150239962
150253237
150844980
150122896
150059366
150086716
150016509
150101195
150101195
150195191
150089154
150129455
150137694
150148680
150240465
150404313
150259977
150188518
150202430
150199374
150056636
150204763
150333171
150256920
150256288
150332301
150332301
150273502
150272591
150396280
150396280
150174082
150293474
150328909
150894103
150321208
150438712
150231361
150339038
150343356
150444462
150162202
150451399
150379140
150166318
150462734
150464644
150129622
150601473
150611475
150158709
150319362
150373527
150096134
150443366
150307169
150281407
150155263
150430808
150434913
150087659
150409404
150434217
150354476
150059366
150418563
150344137
150581888
150451399
150369562
150022474
150332301
150020190
150445620
150225278
150901664
150445620
150389940
150119470
150058745
150869193
150705536
150448935
150121243
150709008
150111318
150491729
150428889
150523393
150398309
150072248
150201105
150549093
150342606
150407303
150567935
150814544
150385965
150688445
150509335
150239770
150067286
150177276
150365618
150069372
150077100
150079017
150722474
150881850
150581220
150863253
150279141
150460249
150868996
150522681
150332285
150571856
150910891
150568004
150722474
150519030
150570387
150335001
150581516
150780926
150568443
150428889
