140315751.0
140000826.0
140004380.0
140002103.0
140004583.0
140006616.0
140006616.0
140309276.0
140315769.0
140006622.0
140352812.0
140005362.0
140003613.0
140006603.0
140220640.0
140008611.0
140024088.0
140007506.0
140006070.0
140006070.0
140009291.0
140000691.0
140007357.0
140029094.0
140080547.0
140079972.0
140019658.0
140080375.0
140080217.0
140022540.0
140049953.0
140016999.0
140019927.0
140021612.0
140078956.0
140029376.0
140021067.0
140223459.0
140017528.0
140021051.0
140222442.0
140117544.0
140022323.0
140080148.0
140013549.0
140018298.0
140195497.0
140021598.0
140180929.0
140012630.0
140078924.0
140021927.0
140021845.0
140081209.0
140159614.0
140090985.0
140036972.0
140027323.0
140081209.0
140084522.0
140084850.0
140084862.0
140445871.0
140032868.0
140083773.0
140082136.0
140075868.0
140081663.0
140081383.0
140036541.0
140354583.0
140032310.0
140427538.0
140060032.0
140059498.0
140082231.0
140031167.0
140027473.0
140032190.0
140036588.0
140083884.0
140082089.0
140082024.0
140083725.0
140085902.0
140085902.0
140036789.0
140149529.0
140183588.0
140149478.0
140075438.0
140087488.0
140038152.0
140038154.0
140038165.0
140038165.0
140038165.0
140444017.0
140087096.0
140087311.0
140085944.0
140085720.0
140048639.0
140075484.0
140075484.0
140038036.0
140027388.0
140076172.0
140035728.0
140087696.0
140036876.0
140038440.0
140038473.0
140086069.0
140315813.0
140182275.0
140445047.0
140425977.0
140149354.0
140182555.0
140060077.0
140038573.0
140035707.0
140353270.0
140182280.0
140089218.0
140055083.0
140149070.0
140051537.0
140054404.0
140053395.0
140118810.0
140048149.0
140059440.0
140058423.0
140052417.0
140053220.0
140055822.0
140057685.0
140088005.0
140088334.0
140088334.0
140051206.0
140092487.0
140052159.0
140056527.0
140056419.0
140149451.0
140054178.0
140351841.0
140051893.0
140054718.0
140057404.0
140051537.0
140052587.0
140052587.0
140050268.0
140053794.0
140053243.0
140195347.0
140052679.0
140054785.0
140057554.0
140077832.0
140089683.0
140089683.0
140102859.0
140185540.0
140316708.0
140250723.0
140326342.0
140150387.0
140326346.0
140326346.0
140054875.0
140428470.0
140184764.0
140061509.0
140186944.0
140185850.0
140058178.0
140185547.0
140059864.0
140059864.0
140058991.0
140058991.0
140061400.0
140326326.0
140065682.0
140326435.0
140326629.0
140062197.0
140062097.0
140060716.0
140062260.0
140062216.0
140250365.0
140102645.0
140102925.0
140184201.0
140058076.0
140326388.0
140326535.0
140186396.0
140317026.0
140184544.0
140174536.0
140090176.0
140059666.0
140184623.0
140184226.0
140060499.0
140186105.0
140001447.0
140091342.0
140000847.0
140090876.0
140189302.0
140073721.0
140189907.0
140152641.0
140326933.0
140043994.0
140135746.0
140091410.0
140091410.0
140237608.0
140188090.0
140187321.0
140190338.0
140237999.0
140238392.0
140091381.0
140408257.0
140191654.0
140175342.0
140189859.0
140044002.0
140100044.0
140073607.0
140074788.0
140188477.0
140187633.0
140135428.0
140151924.0
140098917.0
140327688.0
140327683.0
140326876.0
140091991.0
140073263.0
140326892.0
140135469.0
140100095.0
140328697.0
140194184.0
140154815.0
140409977.0
140237294.0
140102396.0
140154991.0
140327837.0
140107399.0
140659394.0
140116417.0
140259869.0
140260238.0
140259794.0
140409932.0
140259829.0
140154659.0
140260161.0
140660310.0
140085150.0
140200569.0
140044308.0
140660225.0
140196111.0
140084847.0
140175187.0
140303440.0
140116832.0
140329409.0
140196912.0
140199269.0
140198689.0
140185650.0
140200385.0
140115733.0
140086253.0
140201227.0
140120021.0
140200281.0
140202424.0
140032586.0
140330842.0
140594906.0
140331447.0
140124295.0
140201703.0
140233119.0
140115953.0
140331538.0
140205190.0
140200336.0
140119475.0
140117484.0
140030730.0
140331010.0
140331026.0
140250043.0
140115633.0
140115654.0
140201642.0
140595989.0
140117230.0
140207373.0
140119517.0
140200237.0
140032111.0
140232417.0
140595491.0
140201751.0
140118122.0
140205710.0
140205710.0
140207289.0
140030938.0
140201667.0
140331144.0
140126782.0
140251994.0
140199926.0
140123345.0
140120006.0
140331405.0
140124173.0
140117014.0
140191337.0
140030693.0
140594617.0
140202783.0
140201522.0
140205218.0
140596153.0
140330926.0
140120616.0
140127117.0
140134173.0
140331755.0
140137049.0
140412053.0
140127313.0
140128300.0
140210952.0
140127394.0
140597030.0
140209630.0
140332092.0
140331958.0
140130161.0
140331866.0
140597335.0
140133279.0
140231250.0
140231250.0
140134853.0
140127611.0
140127611.0
140127611.0
140210017.0
140129164.0
140210537.0
140412072.0
140231267.0
140211313.0
140137024.0
140033508.0
140207078.0
140209856.0
140128148.0
140128160.0
140209503.0
140209890.0
140210082.0
140138032.0
140041921.0
140133799.0
140447357.0
140231766.0
140145211.0
140145211.0
140189580.0
140212310.0
140299544.0
140140668.0
140212901.0
140211795.0
140412257.0
140072135.0
140231659.0
140212571.0
140144047.0
140187653.0
140144461.0
140071951.0
140145275.0
140140440.0
140144602.0
140212721.0
140133795.0
140140888.0
140332247.0
140142106.0
140145333.0
140138820.0
140140471.0
140138372.0
140139402.0
140139402.0
140141361.0
140140188.0
140213335.0
140139418.0
140072005.0
140211540.0
140142096.0
140142106.0
140072245.0
140072245.0
140232151.0
140148129.0
140214208.0
140042008.0
140213630.0
140214802.0
140072369.0
140024583.0
140215335.0
140149086.0
140412889.0
140214717.0
140214717.0
140154250.0
140072327.0
140072344.0
140213787.0
140072379.0
140072379.0
140072379.0
140232173.0
140232173.0
140232173.0
140068289.0
140215123.0
140215123.0
140215123.0
140412528.0
140128330.0
140214024.0
140214024.0
140042031.0
140146007.0
140214895.0
140148118.0
140190494.0
140072408.0
140072302.0
140072302.0
140214137.0
140152159.0
140214152.0
140231986.0
140146183.0
140072764.0
140413279.0
140332629.0
140232946.0
140072588.0
140129591.0
140218433.0
140426869.0
140162334.0
140045561.0
140663464.0
140413288.0
140129721.0
140663765.0
140662738.0
140311660.0
140414160.0
140663914.0
140663922.0
140129365.0
140154641.0
140042128.0
140663799.0
140311722.0
140414011.0
140348602.0
140663675.0
140427549.0
140161665.0
140042153.0
140222066.0
140217541.0
140217541.0
140072498.0
140163144.0
140816857.0
140348617.0
140154015.0
140816527.0
140046127.0
140662986.0
140164176.0
140663315.0
140663050.0
140663113.0
140663115.0
140663189.0
140663203.0
140138304.0
140045561.0
140224936.0
140166141.0
140141771.0
140109382.0
140167841.0
140665776.0
140166759.0
140141771.0
140141771.0
140222704.0
140664448.0
140597890.0
140597949.0
140598082.0
140142620.0
140665962.0
140143054.0
140664961.0
140665135.0
140766570.0
140168582.0
140446280.0
140665966.0
140414222.0
140664523.0
140311750.0
140161812.0
140109842.0
140109842.0
140219054.0
140665204.0
140665204.0
140167989.0
140597932.0
140597932.0
140597932.0
140598155.0
140666054.0
140414256.0
140311750.0
140665063.0
140221090.0
140665672.0
140665868.0
140169340.0
140166742.0
140167757.0
140142544.0
140142544.0
140167852.0
140167698.0
140222848.0
140664992.0
140766149.0
140664296.0
140664305.0
140169062.0
140168427.0
140222953.0
140665448.0
140598365.0
140597854.0
140162038.0
140168121.0
140167982.0
140140677.0
140333446.0
140666095.0
140414241.0
140109233.0
140222223.0
140110587.0
140220051.0
140220096.0
140221765.0
140172034.0
140172062.0
140279852.0
140037823.0
140279795.0
140141921.0
140141921.0
140766750.0
140034694.0
140219870.0
140281237.0
140221936.0
140333746.0
140171984.0
140279790.0
140245211.0
140220371.0
140109944.0
140220404.0
140110638.0
140767253.0
140109977.0
140438167.0
140438167.0
140171912.0
140172139.0
140219659.0
140414825.0
140279784.0
140217786.0
140027766.0
140767559.0
140416399.0
140416399.0
140228682.0
140280395.0
140334038.0
140225276.0
140224737.0
140227141.0
140227141.0
140226389.0
140228659.0
140165426.0
140165426.0
140165426.0
140165426.0
140230570.0
140224879.0
140223722.0
140224114.0
140217106.0
140230627.0
140260944.0
140063302.0
140217630.0
140416314.0
140225918.0
140165179.0
140228020.0
140226728.0
140225651.0
140225768.0
140230714.0
140217670.0
140217671.0
140225057.0
140217674.0
140225593.0
140230133.0
140666536.0
140027948.0
140217495.0
140101870.0
140277639.0
140418223.0
140416856.0
140235057.0
140237128.0
140243700.0
140020239.0
140418161.0
140277415.0
140081820.0
140081820.0
140294500.0
140217965.0
140021521.0
140229532.0
140277312.0
140244079.0
140081962.0
140418259.0
140276629.0
140231126.0
140244294.0
140276643.0
140276643.0
140276643.0
140231432.0
140020631.0
140277109.0
140598576.0
140277109.0
140174474.0
140181466.0
140418498.0
140234552.0
140598621.0
140101733.0
140418514.0
140418518.0
140203531.0
140101099.0
140203544.0
140203544.0
140238789.0
140335162.0
140418089.0
140020869.0
140080613.0
140000636.0
140339033.0
140241039.0
140336256.0
140240223.0
140240454.0
140335496.0
140336266.0
140418851.0
140239790.0
140769700.0
140335832.0
140335843.0
140238207.0
140237807.0
140079115.0
140338164.0
140052070.0
140335884.0
140336497.0
140336712.0
140336712.0
140000538.0
140338190.0
140000644.0
140000644.0
140418710.0
140079271.0
140078219.0
140078219.0
140336541.0
140338261.0
140769765.0
140239617.0
140239617.0
140239617.0
140338933.0
140336829.0
140105671.0
140078072.0
140050880.0
140335441.0
140335738.0
140336396.0
140337155.0
140337807.0
140337816.0
140335744.0
140335753.0
140241221.0
140241221.0
140419382.0
140249714.0
140248377.0
140064231.0
140310998.0
140107688.0
140248696.0
140419631.0
140419637.0
140311367.0
140772119.0
140420067.0
140246977.0
140064238.0
140772506.0
140772912.0
140419206.0
140107773.0
140240995.0
140420027.0
140419857.0
140242506.0
140773116.0
140420043.0
140246479.0
140419508.0
140066827.0
140341579.0
140237104.0
140340724.0
140532106.0
140340742.0
140131342.0
140131342.0
140254901.0
140530668.0
140301638.0
140774812.0
140340148.0
140256876.0
140341611.0
140774021.0
140255519.0
140255519.0
140306666.0
140340755.0
140776617.0
140130144.0
140237053.0
140254598.0
140776093.0
140130881.0
140776668.0
140341680.0
140341680.0
140065837.0
140774838.0
140341124.0
140256031.0
140340646.0
140131029.0
140256852.0
140774729.0
140102466.0
140420468.0
140340689.0
140340689.0
140340940.0
140058153.0
140272436.0
140426411.0
140263484.0
140258789.0
140016451.0
140090151.0
140090151.0
140316032.0
140027992.0
140027992.0
140272364.0
140028004.0
140259180.0
140263206.0
140306678.0
140258019.0
140258019.0
140260335.0
140029129.0
140666971.0
140014980.0
140260582.0
140035951.0
140089806.0
140091291.0
140259115.0
140045005.0
140316016.0
140316953.0
140016593.0
140261392.0
140035803.0
140666874.0
140259172.0
140259172.0
140258752.0
140777381.0
140315427.0
140353166.0
140264796.0
140421411.0
140133626.0
140238572.0
140133072.0
140420543.0
140782551.0
140133572.0
140133642.0
140667414.0
140421185.0
140264853.0
140778359.0
140780646.0
140270371.0
140667424.0
140266289.0
140667326.0
140780413.0
140265320.0
140780061.0
140420975.0
140779302.0
140269973.0
140421799.0
140268679.0
140782212.0
140782248.0
140245777.0
140352224.0
140194976.0
140317297.0
140783279.0
140429079.0
140273558.0
140783402.0
140271908.0
140444337.0
140430024.0
140430024.0
140428862.0
140195174.0
140115451.0
140317171.0
140078082.0
140429634.0
140430153.0
140195266.0
140113834.0
140430055.0
140275912.0
140275912.0
140429968.0
140429968.0
140273087.0
140194362.0
140270910.0
140270910.0
140276008.0
140429286.0
140194610.0
140783910.0
140115533.0
140271678.0
140195238.0
140352066.0
140078897.0
140078019.0
140317149.0
140276158.0
140317742.0
140317152.0
140317152.0
140275486.0
140274022.0
140113969.0
140281479.0
140785058.0
140277958.0
140423778.0
140316379.0
140421843.0
140250805.0
140259155.0
140343387.0
140667651.0
140178592.0
140343718.0
140315882.0
140316624.0
140256354.0
140785490.0
140343258.0
140265685.0
140423041.0
140282022.0
140784534.0
140784536.0
140253316.0
140266236.0
140316117.0
140343524.0
140785036.0
140424294.0
140282105.0
140178622.0
140286402.0
140427632.0
140145060.0
140144913.0
140284636.0
140287580.0
140284930.0
140284939.0
140341126.0
140193527.0
140283076.0
140285320.0
140284028.0
140282733.0
140052404.0
140114746.0
140284272.0
140259800.0
140288072.0
140145512.0
140428028.0
140286533.0
140287043.0
140409269.0
140111251.0
140287752.0
140286244.0
140036496.0
140291876.0
140291525.0
140832689.0
140668948.0
140292522.0
140044784.0
140293021.0
140108128.0
140599324.0
140289435.0
140292052.0
140316853.0
140098289.0
140098289.0
140425555.0
140292561.0
140425171.0
140289464.0
140306867.0
140288572.0
140013561.0
140013585.0
140293120.0
140306748.0
140108207.0
140035359.0
140293246.0
140306774.0
140175754.0
140111863.0
140143128.0
140425232.0
140288489.0
140425304.0
140145691.0
140011940.0
140302059.0
140013018.0
140098131.0
140304338.0
140304338.0
140304339.0
140192460.0
140192460.0
140192460.0
140192460.0
140670293.0
140321806.0
140321806.0
140325555.0
140669690.0
140669990.0
140323575.0
140114408.0
140304510.0
140426915.0
140321776.0
140325630.0
140307071.0
140427047.0
140323507.0
140325499.0
140302097.0
140302335.0
140322285.0
140324638.0
140321584.0
140321584.0
140427345.0
140427345.0
140321998.0
140669494.0
140669508.0
140323837.0
140036097.0
140322522.0
140325449.0
140323208.0
140323208.0
140322508.0
140321167.0
140321175.0
140321988.0
140321988.0
140323974.0
140355320.0
140321918.0
140324344.0
140302166.0
140324357.0
140143639.0
140321887.0
140324886.0
140325350.0
140321055.0
140350782.0
140345375.0
140321389.0
140322095.0
140345944.0
140351571.0
140032289.0
140192401.0
140350515.0
140351599.0
140785747.0
140349597.0
140350884.0
140108916.0
140344843.0
140192588.0
140321342.0
140350091.0
140349644.0
140102966.0
140786808.0
140786811.0
140786817.0
140188253.0
140351720.0
140192133.0
140321507.0
140350678.0
140102432.0
140349491.0
140350296.0
140351034.0
140351766.0
140346595.0
140321659.0
140349808.0
140357708.0
140358237.0
140360729.0
140358272.0
140789615.0
140787268.0
140085207.0
140358272.0
140198001.0
140082509.0
140084335.0
140043632.0
140357380.0
140361343.0
140193605.0
140359710.0
140359710.0
140787674.0
140193403.0
140359746.0
140356817.0
140084492.0
140788117.0
140361850.0
140357113.0
140084512.0
140250345.0
140192904.0
140198687.0
140198711.0
140358061.0
140193633.0
140172850.0
140788675.0
140193725.0
140361041.0
140788683.0
140787597.0
140360212.0
140043705.0
140044769.0
140043286.0
140085461.0
140357657.0
140193213.0
140790191.0
140043712.0
140172706.0
140357271.0
140043074.0
140787516.0
140792237.0
140364592.0
140792302.0
140362497.0
140205620.0
140364592.0
140672463.0
140790264.0
140793686.0
140794395.0
140673740.0
140368884.0
140124935.0
140204190.0
140173341.0
140362613.0
140672972.0
140362647.0
140365897.0
140673484.0
140173359.0
140794182.0
140365372.0
140673529.0
140790882.0
140367058.0
140791588.0
140673561.0
140252272.0
140252272.0
140196705.0
140196719.0
140673933.0
140792813.0
140122016.0
140362792.0
140364009.0
140673950.0
140792102.0
140173426.0
140362866.0
140363464.0
140196743.0
140369131.0
140173049.0
140793924.0
140365001.0
140205490.0
140205513.0
140365622.0
140173094.0
140173278.0
140374217.0
140374248.0
140375372.0
140375912.0
140375920.0
140066840.0
140275832.0
140371855.0
140375965.0
140371866.0
140275016.0
140371911.0
140372685.0
140372685.0
140374362.0
140373480.0
140374398.0
140374985.0
140373970.0
140375010.0
140101255.0
140375620.0
140376299.0
140374018.0
140370972.0
140373154.0
140376386.0
140369649.0
140374573.0
140375783.0
140373223.0
140369742.0
140374203.0
140374679.0
140370313.0
140373331.0
140373331.0
140373764.0
140096336.0
140382648.0
140380414.0
140381887.0
140376840.0
140674530.0
140053665.0
140154894.0
140015195.0
140382715.0
140383518.0
140381037.0
140377048.0
140212876.0
140378718.0
140382032.0
140377128.0
140383564.0
140378216.0
140378216.0
140795426.0
140382034.0
140212059.0
140382819.0
140382819.0
140136267.0
140378248.0
140379602.0
140015588.0
140056977.0
140212306.0
140378810.0
140170406.0
140377276.0
140379721.0
140381734.0
140229778.0
140379310.0
140381254.0
140229785.0
140794709.0
140795382.0
140384095.0
140055959.0
140136147.0
140170834.0
140795813.0
140213124.0
140795966.0
140387235.0
140384271.0
140386452.0
140290807.0
140216544.0
140387602.0
140675015.0
140386231.0
140796997.0
140796997.0
140388937.0
140387029.0
140386268.0
140270561.0
140386780.0
140385209.0
140386304.0
140271163.0
140271383.0
140385951.0
140384862.0
140385254.0
140394599.0
140396390.0
140800314.0
140141430.0
140800458.0
140397446.0
140392616.0
140296527.0
140392632.0
140392632.0
140393701.0
140394647.0
140391024.0
140797711.0
140052866.0
140396439.0
140800326.0
140391627.0
140052901.0
140396779.0
140797066.0
140392176.0
140393290.0
140024898.0
140395246.0
140397175.0
140394333.0
140391778.0
140052619.0
140062299.0
140397221.0
140395785.0
140800016.0
140397236.0
140797156.0
140059856.0
140390330.0
140390817.0
140798585.0
140798952.0
140394451.0
140141223.0
140141223.0
140392963.0
140025088.0
140395867.0
140675992.0
140396324.0
140023592.0
140023592.0
140395930.0
140799947.0
140285019.0
140399497.0
140136955.0
140397873.0
140171068.0
140212959.0
140401729.0
140399950.0
140226570.0
140217051.0
140801291.0
140397513.0
140151171.0
140086700.0
140086700.0
140216390.0
140402409.0
140397935.0
140801580.0
140137336.0
140137135.0
140400528.0
140400783.0
140400783.0
140137025.0
140402087.0
140138183.0
140171588.0
140676796.0
140142304.0
140676736.0
140064620.0
140216629.0
140397628.0
140086792.0
140400584.0
140397663.0
140171603.0
140397680.0
140142195.0
140137185.0
140226761.0
140226761.0
140213140.0
140402597.0
140402597.0
140137805.0
140064708.0
140085726.0
140215163.0
140400171.0
140086610.0
140216177.0
140401460.0
140216931.0
140407496.0
140158385.0
140407893.0
140407909.0
140318852.0
140802397.0
140406553.0
140288825.0
140209194.0
140209272.0
140166413.0
140404600.0
140242809.0
140114035.0
140247855.0
140406702.0
140406702.0
140053507.0
140404009.0
140056233.0
140403460.0
140215209.0
140802171.0
140405279.0
140821033.0
140318921.0
140288392.0
140407461.0
140407623.0
140215885.0
140405340.0
140072821.0
140266788.0
140068162.0
140068868.0
140432395.0
140248916.0
140432417.0
140433702.0
140433702.0
140433710.0
140434414.0
140267682.0
140272131.0
140016539.0
140016552.0
140432443.0
140434452.0
140066429.0
140270661.0
140434574.0
140016847.0
140206732.0
140271564.0
140249398.0
140089988.0
140066000.0
140267733.0
140063626.0
140265387.0
140267237.0
140088600.0
140309716.0
140123931.0
140122614.0
140122175.0
140434651.0
140232172.0
140432665.0
140432665.0
140204267.0
140433342.0
140265919.0
140266021.0
140267603.0
140267784.0
140206182.0
140432692.0
140266433.0
140267807.0
140233685.0
140433567.0
140088942.0
140088942.0
140206262.0
140154627.0
140438684.0
140437809.0
140437809.0
140020216.0
140070656.0
140021177.0
140156107.0
140068997.0
140020657.0
140313139.0
140435111.0
140207511.0
140207511.0
140437297.0
140071022.0
140435309.0
140436052.0
140440374.0
140069474.0
140439328.0
140289601.0
140312660.0
140070537.0
140313167.0
140436682.0
140435591.0
140313262.0
140209225.0
140046678.0
140157663.0
140280705.0
140440638.0
140007980.0
140157215.0
140173985.0
140427164.0
140158298.0
140439834.0
140439834.0
140155415.0
140157572.0
140428217.0
140438117.0
140207862.0
140208134.0
140173941.0
140279697.0
140158399.0
140159121.0
140071437.0
140209378.0
140173504.0
140071348.0
140008201.0
140440529.0
140440652.0
140156880.0
140438677.0
140425490.0
140427447.0
140440389.0
140803227.0
140803227.0
140803232.0
140155386.0
140155386.0
140803274.0
140309762.0
140160886.0
140041237.0
140442775.0
140050774.0
140311351.0
140448732.0
140040847.0
140040847.0
140040847.0
140040847.0
140160007.0
140441476.0
140039658.0
140039658.0
140039658.0
140281106.0
140156094.0
140156834.0
140050552.0
140448444.0
140449189.0
140161003.0
140447477.0
140040114.0
140040114.0
140312516.0
140041300.0
140313177.0
140159863.0
140040466.0
140312878.0
140313243.0
140155765.0
140156133.0
140449254.0
140441022.0
140428578.0
140442312.0
140312271.0
140449665.0
140160774.0
140442015.0
140311597.0
140312612.0
140264575.0
140041368.0
140264708.0
140160772.0
140311723.0
140448276.0
140312673.0
140312678.0
140312678.0
140441733.0
140459185.0
140450872.0
140458078.0
140460500.0
140453075.0
140457139.0
140460564.0
140046897.0
140803879.0
140456351.0
140456363.0
140459483.0
140459520.0
140450440.0
140098622.0
140098765.0
140098855.0
140452072.0
140453194.0
140408569.0
140451080.0
140453248.0
140455860.0
140459780.0
140459780.0
140451118.0
140455877.0
140457443.0
140457488.0
140451824.0
140461072.0
140459969.0
140451178.0
140458910.0
140450148.0
140451243.0
140453410.0
140456064.0
140456091.0
140456798.0
140456798.0
140450765.0
140456094.0
140460214.0
140461430.0
140233732.0
140456906.0
140450282.0
140466928.0
140472168.0
140473746.0
140464244.0
140467824.0
140474639.0
140467863.0
140467865.0
140469620.0
140469624.0
140470466.0
140472280.0
140474675.0
140464331.0
140469646.0
140470528.0
140464388.0
140465355.0
140467216.0
140469858.0
140470795.0
140472535.0
140461961.0
140474959.0
140469968.0
140470897.0
140470918.0
140465620.0
140474311.0
140469314.0
140464845.0
140464845.0
140467610.0
140464934.0
140462403.0
140470321.0
140479953.0
140479483.0
140481387.0
140475529.0
140476315.0
140477806.0
140485611.0
140485611.0
140488842.0
140480195.0
140487275.0
140477911.0
140477911.0
140483675.0
140487399.0
140488930.0
140482213.0
140482213.0
140484842.0
140476642.0
140478636.0
140488374.0
140479280.0
140479815.0
140482448.0
140484997.0
140475980.0
140489112.0
140476748.0
140478114.0
140479893.0
140488470.0
140478799.0
140480703.0
140484227.0
140484240.0
140488512.0
140503498.0
140492762.0
140500130.0
140503576.0
140495744.0
140496927.0
140496975.0
140499242.0
140497087.0
140503775.0
140490030.0
140491323.0
140497156.0
140500381.0
140490068.0
140490084.0
140497277.0
140499580.0
140500662.0
140496347.0
140495326.0
140500864.0
140492534.0
140493440.0
140496524.0
140499772.0
140491007.0
140493470.0
140489746.0
140503309.0
140497827.0
140501103.0
140501103.0
140518050.0
140520322.0
140506051.0
140508592.0
140514149.0
140515861.0
140515861.0
140518238.0
140505092.0
140513277.0
140518334.0
140519157.0
140512362.0
140519942.0
140509240.0
140519991.0
140510240.0
140517116.0
140505545.0
140505550.0
140506837.0
140511486.0
140517837.0
140506994.0
140508216.0
140516368.0
140508333.0
140505761.0
140511693.0
140511702.0
140516590.0
140518769.0
140519538.0
140508558.0
140510636.0
140510693.0
140511783.0
140525425.0
140528015.0
140530588.0
140530656.0
140520389.0
140520396.0
140521932.0
140523791.0
140526515.0
140522068.0
140522932.0
140531893.0
140520538.0
140520546.0
140525710.0
140528245.0
140531953.0
140524783.0
140527560.0
140530986.0
140534115.0
140534134.0
140523105.0
140525852.0
140530138.0
140522263.0
140523258.0
140524177.0
140525000.0
140525038.0
140526047.0
140520864.0
140521591.0
140521635.0
140522398.0
140526104.0
140527771.0
140520885.0
140526121.0
140526162.0
140533531.0
140524401.0
140525272.0
140533651.0
140534633.0
140541835.0
140544510.0
140548845.0
140548071.0
140547368.0
140536092.0
140545674.0
140545674.0
140542205.0
140539453.0
140549231.0
140539601.0
140541556.0
140541560.0
140462187.0
140549470.0
140536644.0
140542522.0
140542523.0
140546037.0
140536682.0
140540725.0
140535616.0
140544433.0
140547071.0
140606136.0
140606201.0
140604049.0
140601464.0
140602239.0
140604065.0
140604069.0
140603246.0
140604116.0
140604233.0
140399560.0
140399608.0
140602413.0
140601688.0
140605707.0
140193952.0
140194106.0
140603547.0
140603557.0
140208145.0
140603686.0
140604694.0
140604722.0
140601195.0
140603734.0
140299713.0
140606963.0
140601957.0
140601970.0
140601263.0
140612840.0
140611316.0
140607013.0
140070716.0
140608851.0
140610713.0
140608040.0
140610047.0
140607075.0
140607112.0
140609514.0
140609519.0
140614557.0
140422541.0
140613882.0
140614567.0
140614575.0
140613227.0
140099655.0
140610376.0
140611038.0
140612506.0
140613255.0
140299877.0
140163009.0
140614772.0
140071003.0
140608259.0
140609786.0
140611148.0
140612664.0
140613420.0
140272703.0
140607274.0
140070605.0
140609173.0
140609173.0
140064785.0
140607293.0
140608765.0
140625232.0
140615739.0
140617211.0
140617211.0
140616520.0
140617956.0
140623663.0
140624503.0
140626879.0
140623725.0
140615871.0
140616615.0
140618098.0
140621038.0
140621062.0
140626277.0
140615986.0
140621145.0
140623009.0
140625582.0
140627087.0
140616769.0
140621180.0
140616083.0
140617515.0
140626393.0
140616830.0
140619378.0
140623160.0
140627845.0
140616870.0
140623227.0
140623238.0
140624942.0
140624946.0
140624950.0
140621427.0
140623260.0
140624975.0
140616271.0
140618649.0
140621508.0
140621515.0
140622438.0
140627316.0
140615559.0
140615559.0
140627377.0
140622507.0
140627418.0
140625983.0
140626760.0
140615669.0
140634817.0
140631669.0
140629331.0
140632964.0
140123107.0
140628205.0
140628775.0
140629373.0
140204929.0
140631746.0
140233554.0
140631813.0
140632339.0
140633129.0
140633851.0
140131297.0
140337998.0
140234142.0
140204334.0
140631969.0
140634071.0
140632030.0
140632030.0
140632635.0
140367285.0
140629746.0
140633418.0
140628567.0
140630363.0
140630939.0
140628591.0
140629815.0
140630966.0
140634766.0
140632161.0
140630450.0
140643570.0
140099251.0
140677926.0
140638401.0
140639901.0
140637336.0
140643794.0
140637414.0
140642069.0
140637451.0
140640105.0
140640770.0
140637593.0
140639629.0
140642269.0
140098616.0
140677839.0
140367657.0
140644043.0
140641627.0
140641632.0
140638267.0
140638267.0
140638800.0
140640311.0
140640313.0
140641653.0
140678243.0
140638817.0
140648808.0
140650449.0
140652046.0
140653899.0
140656192.0
140650563.0
140648440.0
140650696.0
140652205.0
140678619.0
140649153.0
140657720.0
140678637.0
140648119.0
140648466.0
140653232.0
140653240.0
140648167.0
140648475.0
140648480.0
140654824.0
140655476.0
140678707.0
140646540.0
140654199.0
140658400.0
140658476.0
140655574.0
140658779.0
140652610.0
140653544.0
140653554.0
140678317.0
140403047.0
140649632.0
140649632.0
140656774.0
140653676.0
140647738.0
140656021.0
140656893.0
140678407.0
140679017.0
140650143.0
140650143.0
140687132.0
140681437.0
140683271.0
140687792.0
140683342.0
140685636.0
140688610.0
140679113.0
140680033.0
140681491.0
140685648.0
140685648.0
140412425.0
140679156.0
140679593.0
140680487.0
140680986.0
140681523.0
140684745.0
140686711.0
140687270.0
140681042.0
140684792.0
140684804.0
140684804.0
140684804.0
140686247.0
140688812.0
140688812.0
140684864.0
140685800.0
140679233.0
140681090.0
140681636.0
140689573.0
140680183.0
140681648.0
140686903.0
140679803.0
140682824.0
140685942.0
140685945.0
140686371.0
140412540.0
140679826.0
140412323.0
140679842.0
140683003.0
140685999.0
140689689.0
140679875.0
140681275.0
140687025.0
140689122.0
140680758.0
140680758.0
140680340.0
140685455.0
140682086.0
140683212.0
140413709.0
140693346.0
140695900.0
140696882.0
140110115.0
140111017.0
140696538.0
140697983.0
140691913.0
140691913.0
140693500.0
140302841.0
140697711.0
140695240.0
140394253.0
140691358.0
140691358.0
140691358.0
140692000.0
140692019.0
140111085.0
140111085.0
140690080.0
140110416.0
140302963.0
140692098.0
140046965.0
140110612.0
140047371.0
140695364.0
140690204.0
140692983.0
140046907.0
140696375.0
140697149.0
140690289.0
140692263.0
140046910.0
140696770.0
140694039.0
140697198.0
140302999.0
140415043.0
140690350.0
140692342.0
140693164.0
140244609.0
140244566.0
140049558.0
140704743.0
140701570.0
140003013.0
140701631.0
140704805.0
140706656.0
140702970.0
140702970.0
140706729.0
140169453.0
140169453.0
140115357.0
140706788.0
140702450.0
140415787.0
140049642.0
140704549.0
140705850.0
140115603.0
140705247.0
140705898.0
140708057.0
140117291.0
140708670.0
140023262.0
140202169.0
140710085.0
140202976.0
140712066.0
140713449.0
140276246.0
140708795.0
140330075.0
140709311.0
140194780.0
140708865.0
140710566.0
140712250.0
140712277.0
140712703.0
140202361.0
140708929.0
140711455.0
140712754.0
140712754.0
140708960.0
140711896.0
140712772.0
140709021.0
140712380.0
140714031.0
140707961.0
140708538.0
140711920.0
140711921.0
140710710.0
140712886.0
140710017.0
140555265.0
140558209.0
140714631.0
140550512.0
140550550.0
140550550.0
140551292.0
140555904.0
140552130.0
140554773.0
140551373.0
140715385.0
140551444.0
140552951.0
140554129.0
140715444.0
140715470.0
140551588.0
140714768.0
140553263.0
140553338.0
140553338.0
140553338.0
140556286.0
140550155.0
140556339.0
140714212.0
140715539.0
140556385.0
140553497.0
140714560.0
140715590.0
140552558.0
140714560.0
140555169.0
140714882.0
140552662.0
140558137.0
140550443.0
140554572.0
140554647.0
140565784.0
140559249.0
140565064.0
140560010.0
140560916.0
140564480.0
140564480.0
140566634.0
140567318.0
140568104.0
140558648.0
140560095.0
140560136.0
140562568.0
140564562.0
140569093.0
140564610.0
140559504.0
140559531.0
140561915.0
140558808.0
140558813.0
140562695.0
140562737.0
140562115.0
140562161.0
140564844.0
140565546.0
140565582.0
140566995.0
140567017.0
140567754.0
140559802.0
140561483.0
140563536.0
140563543.0
140564227.0
140564269.0
140565710.0
140559948.0
140578054.0
140575658.0
140577330.0
140582514.0
140574078.0
140570902.0
140579322.0
140570932.0
140578455.0
140572614.0
140572644.0
140576842.0
140571909.0
140572703.0
140580368.0
140581417.0
140572005.0
140576181.0
140572873.0
140575374.0
140577855.0
140590248.0
140591104.0
140589335.0
140593291.0
140592097.0
140716693.0
140716695.0
140583949.0
140583974.0
140591271.0
140717025.0
140589579.0
140715851.0
140716742.0
140587729.0
140717060.0
140588717.0
140588717.0
140715895.0
140716198.0
140716480.0
140591531.0
140716805.0
140587943.0
140588872.0
140716516.0
140716818.0
140588911.0
140583573.0
140584436.0
140590861.0
140590861.0
140436554.0
140716874.0
140717178.0
140717201.0
140587287.0
140717997.0
140718006.0
140718559.0
140718559.0
140717226.0
140718562.0
140717263.0
140719250.0
140443427.0
140717597.0
140717604.0
140720127.0
140717310.0
140717647.0
140717662.0
140719333.0
140717357.0
140717745.0
140627236.0
140722523.0
140723416.0
140718334.0
140723492.0
140717888.0
140722665.0
140723624.0
140443323.0
140720346.0
140718532.0
140719127.0
140735185.0
140735194.0
140729545.0
140731943.0
140731965.0
140732634.0
140727522.0
140730499.0
140728919.0
140732719.0
140732059.0
140733387.0
140729043.0
140729880.0
140730748.0
140730796.0
140727789.0
140729059.0
140732235.0
140735488.0
140728447.0
140729144.0
140729192.0
140729197.0
140730990.0
140734312.0
140734343.0
140735560.0
140735586.0
140727274.0
140727919.0
140730190.0
140731101.0
140731101.0
140733085.0
140733105.0
140733645.0
140728029.0
140729345.0
140731783.0
140732506.0
140736138.0
140728034.0
140731134.0
140732542.0
140733709.0
140739037.0
140253893.0
140741696.0
140744900.0
140745954.0
140746588.0
140736365.0
140745975.0
140740635.0
140746017.0
140748699.0
140736449.0
140742120.0
140743307.0
140736456.0
140743343.0
140746118.0
140745343.0
140748457.0
140743569.0
140746249.0
140741305.0
140742732.0
140744668.0
140026719.0
140390788.0
140097331.0
140097331.0
140093769.0
140393615.0
140027317.0
140284293.0
140394149.0
140160136.0
140751543.0
140093946.0
140749514.0
140356009.0
140749524.0
140395304.0
140284645.0
140356318.0
140388264.0
140355657.0
140749992.0
140097430.0
140356075.0
140750024.0
140066849.0
140284839.0
140284839.0
140356089.0
140159778.0
140749199.0
140098950.0
140283315.0
140099475.0
140750154.0
140093414.0
140356159.0
140098189.0
140355891.0
140756448.0
140758319.0
140757964.0
140759846.0
140755107.0
140758408.0
140758408.0
140754071.0
140451755.0
140757729.0
140758442.0
140760700.0
140755694.0
140758453.0
140759052.0
140757776.0
140754376.0
140754409.0
140754524.0
140761182.0
140758840.0
140762112.0
140762694.0
140762128.0
140762211.0
140036099.0
140761666.0
140763211.0
140765413.0
140763674.0
140765473.0
140762314.0
140764050.0
140761759.0
140762049.0
140764366.0
140254348.0
140336502.0
140068803.0
140254422.0
140257201.0
140093248.0
140297270.0
140297362.0
140255438.0
140254221.0
140384076.0
140069197.0
140253334.0
140272391.0
140254656.0
140384233.0
140360710.0
140337809.0
140281217.0
140273466.0
140805410.0
140297323.0
140274302.0
140805421.0
140068622.0
140272607.0
140256969.0
140280393.0
140256067.0
140280436.0
140255767.0
140058329.0
140255782.0
140092089.0
140384921.0
140264034.0
140255839.0
140057472.0
140383878.0
140258330.0
140217911.0
140217935.0
140047790.0
140047790.0
140186779.0
140228008.0
140095332.0
140028955.0
140188521.0
140806306.0
140257539.0
140341165.0
140092837.0
140186462.0
140097915.0
140806098.0
140258091.0
140807066.0
140094390.0
140258112.0
140185744.0
140806995.0
140097829.0
140093850.0
140394099.0
140257462.0
140258157.0
140216778.0
140185821.0
140367087.0
140414947.0
140807637.0
140414217.0
140421070.0
140807656.0
140807656.0
140126649.0
140267098.0
140368969.0
140807888.0
140240569.0
140129789.0
140415713.0
140262178.0
140240262.0
140218148.0
140342204.0
140332672.0
140414328.0
140262432.0
140129064.0
140266784.0
140809006.0
140808158.0
140073392.0
140807812.0
140279274.0
140403740.0
140269435.0
140403532.0
140403532.0
140809996.0
140404499.0
140279847.0
140278088.0
140216088.0
140404774.0
140809517.0
140269841.0
140417890.0
140073966.0
140810583.0
140698128.0
140698128.0
140218649.0
140455242.0
140821722.0
140812833.0
140393538.0
140812197.0
140816085.0
140813561.0
140811041.0
140812288.0
140812301.0
140822581.0
140814421.0
140815300.0
140454264.0
140183852.0
140816396.0
140814894.0
140454945.0
140397753.0
140397753.0
140815926.0
140319169.0
140811333.0
140300806.0
140261275.0
140261275.0
140830637.0
140828343.0
140301010.0
140262001.0
140444884.0
140825690.0
140444635.0
140319867.0
140319867.0
140320203.0
140830339.0
140828015.0
140300616.0
140300616.0
140830359.0
140319693.0
140319754.0
140826294.0
140320311.0
140261885.0
140824137.0
140826304.0
140826761.0
140826860.0
140839869.0
140841803.0
140831915.0
140835471.0
140835471.0
140838929.0
140839917.0
140839993.0
140804763.0
140839042.0
140804859.0
140262160.0
140831455.0
140831746.0
140832396.0
140834594.0
140255214.0
140831476.0
140255326.0
140835858.0
140835858.0
140838265.0
140842148.0
140430532.0
140424470.0
140301508.0
140411387.0
140835964.0
140837117.0
140840337.0
140842277.0
140842290.0
140834920.0
140834936.0
140834979.0
140833867.0
140833892.0
140835023.0
140840506.0
140842397.0
140445882.0
140262662.0
140262662.0
140835106.0
140836138.0
140254005.0
140254005.0
140834047.0
140840611.0
140842529.0
140831611.0
140843537.0
140838764.0
140838764.0
140839751.0
140834284.0
140804557.0
140843698.0
140852972.0
140854146.0
140843837.0
140846683.0
140851131.0
140850112.0
140844207.0
140850838.0
140844999.0
140847199.0
140863281.0
140857873.0
140860008.0
140860008.0
140855875.0
140856540.0
140858628.0
140861467.0
140864605.0
140862799.0
140857334.0
140859499.0
140856081.0
140856111.0
140856820.0
140860398.0
140860423.0
140856238.0
140857614.0
140861225.0
140859177.0
140864376.0
140865001.0
140860633.0
140861319.0
140863218.0
140865070.0
140865781.0
140865781.0
140865781.0
140866357.0
140866414.0
140870515.0
140866095.0
140867346.0
140867373.0
140866800.0
140866832.0
140868895.0
140868988.0
140686563.0
140016507.0
140159494.0
140027683.0
140004901.0
140004927.0
140005550.0
140686785.0
140225155.0
140007192.0
140351606.0
140014292.0
140159319.0
140053874.0
140016981.0
140799612.0
140080147.0
140080217.0
140079235.0
140026489.0
140092130.0
140037056.0
140195284.0
140224521.0
140182169.0
140220317.0
140138444.0
140174781.0
140079114.0
140195472.0
140354074.0
140686371.0
140686414.0
140052309.0
140058069.0
140038358.0
140423033.0
140076731.0
140081399.0
140148577.0
140048602.0
140083633.0
140051720.0
140038523.0
140089955.0
140082908.0
140083773.0
140054947.0
140073158.0
140091870.0
140084051.0
140149464.0
140680560.0
140059768.0
140060716.0
140063917.0
140053344.0
140186396.0
140085816.0
140084142.0
140053423.0
140184239.0
140088348.0
140057349.0
140056692.0
140058423.0
140061468.0
140102966.0
140800374.0
140602338.0
140100237.0
140102591.0
140175280.0
140345375.0
140105739.0
140103611.0
140800153.0
140106150.0
140011069.0
140188477.0
140195034.0
140602355.0
140088636.0
140087026.0
140238039.0
140136006.0
140199505.0
140685963.0
140426303.0
140136176.0
140194803.0
140030921.0
140119298.0
140119565.0
140119065.0
140120422.0
140200175.0
140117230.0
140117230.0
140043899.0
140125581.0
140197578.0
140116172.0
140237863.0
140426657.0
140326435.0
140602406.0
140303632.0
140133093.0
140190597.0
140128160.0
140598365.0
140201260.0
140328630.0
140199223.0
140127345.0
140120103.0
140104462.0
140126859.0
140121210.0
140141489.0
140202486.0
140328263.0
140200484.0
140120975.0
140138852.0
140123637.0
140597721.0
140140557.0
140210571.0
140149322.0
140149322.0
140139418.0
140659935.0
140210326.0
140409276.0
140149078.0
140260923.0
140068461.0
140145648.0
140144782.0
140210512.0
140146713.0
140212413.0
140209715.0
140144797.0
140163547.0
140801455.0
140213342.0
140801700.0
140219666.0
140168015.0
140161631.0
140163187.0
140041951.0
140032514.0
140172034.0
140231083.0
140138304.0
140168427.0
140221057.0
140168221.0
140663938.0
140169130.0
140664181.0
140077957.0
140663159.0
140293732.0
140238996.0
140231548.0
140328943.0
140221142.0
140413154.0
140172027.0
140665167.0
140082029.0
140129685.0
140082061.0
140226653.0
140082117.0
140229617.0
140419972.0
140230126.0
140082163.0
140238572.0
140230489.0
140804199.0
140081327.0
140225637.0
140110024.0
140228835.0
140080590.0
140802726.0
140078219.0
140045610.0
140141771.0
140803419.0
140033592.0
140293954.0
140142544.0
140142544.0
140240059.0
140189085.0
140021521.0
140079115.0
140414780.0
140665347.0
140232635.0
140045561.0
140351045.0
140350960.0
140428626.0
140065298.0
140351467.0
140028088.0
140030098.0
140189734.0
140014390.0
140246151.0
140089806.0
140106314.0
140106314.0
140015044.0
140131435.0
140253170.0
140273657.0
140667020.0
140666738.0
140424924.0
140266926.0
140316039.0
140766694.0
140438167.0
140315931.0
140270081.0
140272797.0
140767689.0
140425376.0
140034645.0
140315641.0
140253316.0
140273051.0
140269037.0
140273400.0
140283815.0
140284639.0
140284643.0
140243342.0
140769595.0
140416332.0
140277109.0
140277109.0
140217336.0
140283258.0
140418083.0
140285144.0
140283019.0
140276643.0
140051917.0
140283296.0
140333416.0
140279962.0
140291327.0
140301880.0
140145512.0
140291337.0
140323922.0
140012796.0
140288016.0
140289328.0
140292323.0
140288906.0
140265331.0
140290313.0
140320736.0
140774640.0
140052029.0
140602925.0
140336578.0
140336657.0
140527943.0
140529550.0
140322229.0
140322063.0
140335779.0
140322472.0
140603295.0
140103569.0
140603315.0
140322282.0
140603514.0
140530668.0
140337276.0
140336266.0
140338261.0
140603163.0
140336340.0
140365952.0
140361835.0
140365049.0
140192938.0
140193539.0
140172609.0
140361343.0
140362398.0
140359178.0
140084897.0
140364852.0
140045842.0
140778371.0
140776010.0
140777963.0
140173359.0
140363848.0
140362854.0
140173426.0
140173426.0
140362866.0
140363916.0
140173152.0
140374935.0
140377974.0
140374163.0
140377225.0
140372161.0
140669561.0
140373610.0
140374355.0
140779490.0
140375573.0
140372464.0
140371917.0
140382351.0
140387013.0
140381047.0
140383093.0
140218756.0
140784469.0
140385714.0
140386780.0
140213050.0
140783546.0
140783965.0
140784240.0
140789297.0
140053244.0
140136773.0
140151937.0
140053345.0
140789966.0
140396676.0
140141978.0
140790045.0
140399759.0
140396779.0
140392549.0
140398625.0
140792833.0
140786304.0
140786323.0
140392616.0
140787213.0
140789010.0
140024071.0
140397468.0
140680096.0
140053058.0
140151364.0
140400424.0
140394451.0
140053138.0
140150855.0
140399497.0
140790688.0
140400528.0
140283331.0
140168335.0
140793840.0
140215863.0
140086700.0
140407841.0
140168904.0
140162675.0
140793555.0
140645520.0
140056808.0
140400783.0
140123501.0
140403468.0
140408023.0
140284143.0
140228066.0
140405336.0
140267758.0
140435293.0
140070234.0
140432503.0
140066316.0
140249398.0
140436291.0
140206732.0
140266991.0
140088540.0
140312178.0
140441186.0
140021365.0
140437647.0
140797711.0
140071022.0
140209372.0
140207862.0
140021812.0
140450520.0
140442775.0
140456906.0
140456972.0
140264210.0
140442342.0
140450872.0
140156466.0
140156472.0
140039965.0
140312912.0
140443006.0
140459182.0
140456094.0
140456094.0
140442534.0
140450317.0
140797936.0
140456351.0
140451328.0
140451387.0
140310026.0
140310026.0
140458136.0
140477289.0
140476278.0
140472375.0
140469647.0
140465403.0
140475352.0
140479058.0
140470392.0
140470456.0
140463323.0
140502204.0
140502359.0
140492532.0
140495562.0
140502458.0
140484830.0
140491258.0
140494568.0
140488301.0
140493297.0
140503323.0
140485706.0
140501912.0
140490857.0
140505911.0
140520004.0
140518818.0
140520121.0
140524411.0
140512116.0
140510496.0
140516929.0
140519420.0
140523252.0
140515650.0
140518689.0
140534033.0
140547921.0
140550848.0
140552382.0
140538416.0
140551292.0
140547308.0
140547368.0
140532259.0
140566464.0
140563095.0
140564480.0
140565623.0
140561052.0
140563531.0
140572419.0
140560003.0
140564871.0
140571350.0
140555270.0
140559249.0
140570300.0
140584468.0
140599840.0
140599881.0
140590740.0
140587723.0
140600053.0
140574718.0
140578912.0
140601467.0
140575277.0
140600528.0
140584411.0
140584411.0
140609634.0
140609771.0
140609786.0
140610903.0
140207715.0
140070716.0
140608341.0
140309636.0
140613851.0
140612705.0
140610376.0
140610376.0
140071091.0
140611771.0
140628809.0
140632857.0
140619558.0
140634086.0
140634144.0
140630927.0
140631878.0
140624303.0
140628089.0
140004001.0
140673561.0
140629163.0
140623139.0
140629272.0
140629274.0
140633540.0
140622006.0
140626192.0
140633661.0
140619090.0
140619097.0
140623564.0
140204427.0
140627740.0
140625260.0
140649560.0
140649576.0
140402536.0
140638919.0
140641889.0
140643670.0
140642027.0
140650438.0
140639030.0
140639901.0
140448327.0
140638497.0
140640105.0
140651373.0
140636884.0
140655563.0
140651988.0
140655710.0
140098988.0
140046547.0
140273650.0
140065173.0
140653858.0
140441907.0
140367800.0
140678597.0
140674324.0
140064428.0
140656440.0
140253293.0
140653028.0
140064735.0
140244869.0
140694785.0
140696647.0
140690079.0
140389928.0
140687984.0
140111060.0
140689174.0
140691358.0
140691358.0
140691358.0
140688161.0
140689375.0
140689532.0
140691654.0
140691654.0
140696428.0
140110416.0
140688873.0
140704529.0
140710525.0
140245640.0
140711926.0
140711470.0
140701052.0
140705011.0
140707009.0
140023262.0
140709719.0
140707961.0
140720127.0
140716659.0
140717121.0
140718562.0
140716723.0
140724665.0
140722170.0
140720424.0
140718049.0
140716877.0
140716034.0
140357086.0
140733834.0
140729230.0
140730800.0
140734189.0
140739037.0
140734331.0
140733287.0
140733331.0
140733439.0
140736365.0
140744635.0
140730249.0
140731521.0
140750022.0
140027297.0
140754409.0
140746637.0
140393901.0
140284882.0
140026781.0
140095854.0
140356262.0
140356263.0
140397910.0
140748608.0
140761241.0
140762819.0
140764072.0
140764602.0
140757615.0
140799374.0
140762660.0
140068930.0
140388756.0
140430070.0
140058329.0
140108781.0
140256452.0
140807537.0
140068622.0
140367133.0
140257515.0
140806821.0
140806532.0
140257620.0
140240123.0
140129816.0
140383502.0
140383502.0
140695753.0
140414878.0
140414878.0
140277964.0
140809107.0
140808158.0
140415586.0
140129064.0
140821722.0
140828913.0
140829081.0
140824218.0
140824311.0
140826961.0
140317934.0
140424505.0
140301518.0
140840463.0
140833975.0
140843317.0
140425003.0
140261275.0
140348917.0
140445579.0
140444701.0
140834580.0
140836256.0
140839847.0
140444744.0
140253529.0
140840074.0
140845244.0
140301493.0
140859353.0
140848061.0
140803504.0
140862393.0
140853878.0
140856877.0
140858050.0
140797722.0
140854828.0
140863645.0
140867111.0
140868678.0
140869190.0
140397148.0
140454259.0
140397753.0
140814243.0
140816449.0
140023673.0
140000715.0
140000718.0
140225155.0
140012927.0
140351592.0
140009918.0
140089641.0
140006610.0
140016646.0
140027596.0
140278486.0
140002907.0
140080217.0
140019500.0
140220640.0
140430153.0
140025546.0
140599004.0
140174737.0
140195439.0
140224210.0
140703306.0
140055608.0
140077043.0
140082668.0
140038379.0
140091184.0
140183010.0
140234374.0
140054013.0
140052763.0
140354061.0
140053765.0
140061844.0
140048762.0
140075892.0
140148013.0
140353398.0
140062680.0
140240773.0
140053873.0
140058909.0
140072946.0
140056666.0
140056690.0
140058414.0
140086123.0
140150630.0
140058713.0
140062590.0
140191969.0
140191969.0
140194553.0
140189093.0
140087022.0
140074788.0
140190061.0
140188492.0
140109941.0
140116684.0
140199934.0
140036077.0
140316963.0
140197286.0
140117245.0
140326933.0
140199056.0
140116233.0
140327089.0
140117379.0
140044275.0
140197506.0
140116792.0
140426414.0
140685942.0
140199733.0
140200336.0
140023542.0
140131155.0
140327886.0
140200643.0
140126507.0
140134916.0
140125956.0
140137024.0
140024805.0
140135081.0
140125354.0
140130904.0
140138296.0
140212473.0
140145211.0
140023844.0
140148678.0
140024542.0
140140348.0
140148118.0
140410334.0
140148758.0
140143935.0
140250043.0
140167127.0
140164016.0
140042200.0
140801963.0
140067183.0
140168092.0
140163894.0
140665135.0
140663824.0
140232151.0
140232935.0
140080548.0
140663936.0
140023380.0
140215396.0
140231754.0
140128155.0
140172207.0
140168225.0
140072135.0
140232438.0
140420141.0
140230126.0
140129275.0
140352540.0
140230240.0
140228020.0
140107434.0
140109974.0
140226728.0
140226728.0
140082661.0
140084162.0
140230627.0
140233218.0
140241293.0
140413616.0
140141771.0
140141771.0
140105989.0
140331141.0
140236802.0
140238092.0
140332247.0
140332270.0
140413707.0
140246860.0
140413331.0
140079364.0
140034094.0
140021521.0
140802234.0
140665927.0
140109848.0
140072549.0
140665783.0
140273759.0
140350678.0
140320529.0
140251168.0
140350500.0
140349882.0
140250740.0
140248587.0
140428389.0
140247120.0
140427420.0
140247427.0
140273370.0
140036321.0
140036321.0
140428470.0
140253334.0
140131217.0
140245257.0
140246151.0
140246151.0
140273274.0
140028004.0
140281261.0
140273952.0
140360710.0
140243284.0
140035724.0
140667395.0
140766006.0
140425106.0
140425486.0
140316647.0
140035149.0
140270724.0
140300177.0
140424482.0
140272646.0
140133576.0
140666544.0
140666544.0
140766773.0
140324842.0
140217629.0
140283532.0
140286609.0
140282504.0
140276870.0
140287377.0
140418166.0
140000016.0
140277522.0
140283043.0
140332831.0
140285995.0
140284374.0
140286403.0
140243492.0
140277917.0
140289164.0
140306833.0
140421048.0
140285423.0
140421918.0
140420817.0
140420824.0
140324357.0
140421362.0
140323922.0
140292605.0
140300390.0
140179269.0
140013098.0
140174903.0
140302363.0
140292800.0
140320655.0
140302246.0
140324009.0
140421766.0
140019838.0
140291520.0
140295961.0
140325499.0
140336573.0
140336657.0
140339523.0
140321979.0
140203531.0
140321776.0
140603064.0
140304178.0
140528493.0
140321816.0
140305030.0
140340218.0
140773508.0
140305104.0
140305139.0
140020617.0
140001632.0
140172843.0
140365169.0
140359472.0
140043180.0
140198008.0
140357709.0
140198240.0
140249115.0
140204042.0
140364916.0
140357931.0
140357956.0
140173367.0
140084335.0
140775069.0
140668948.0
140360990.0
140196634.0
140131954.0
140173426.0
140364592.0
140100712.0
140370570.0
140669960.0
140066785.0
140373556.0
140377432.0
140368884.0
140123836.0
140369799.0
140374573.0
140275834.0
140782740.0
140385494.0
140056499.0
140384298.0
140386835.0
140385887.0
140096536.0
140388844.0
140786811.0
140395531.0
140790456.0
140142377.0
140142377.0
140396223.0
140391627.0
140142008.0
140059679.0
140397446.0
140398742.0
140395878.0
140171410.0
140788428.0
140399497.0
140085671.0
140392963.0
140053209.0
140400890.0
140056178.0
140214502.0
140031344.0
140168420.0
140403978.0
140406809.0
140407894.0
140137606.0
140217076.0
140603826.0
140404250.0
140162771.0
140123466.0
140288110.0
140404600.0
140232646.0
140436944.0
140233777.0
140435711.0
140436184.0
140432554.0
140435354.0
140249398.0
140436691.0
140067852.0
140267934.0
140312180.0
140312829.0
140309716.0
140067312.0
140434394.0
140310762.0
140441186.0
140438117.0
140208167.0
140313081.0
140685299.0
140797235.0
140209366.0
140439039.0
140070353.0
140280658.0
140441476.0
140280705.0
140157673.0
140070100.0
140157688.0
140155920.0
140208137.0
140173382.0
140071232.0
140041237.0
140243078.0
140312219.0
140161391.0
140050541.0
140040114.0
140456094.0
140459424.0
140457657.0
140311980.0
140450225.0
140448063.0
140311992.0
140449246.0
140311415.0
140310026.0
140310026.0
140448159.0
140451415.0
140469525.0
140460500.0
140476327.0
140480617.0
140460546.0
140465292.0
140462489.0
140477742.0
140462637.0
140464075.0
140465516.0
140461029.0
140461072.0
140461413.0
140476916.0
140478028.0
140478064.0
140461685.0
140468930.0
140478223.0
140463247.0
140464702.0
140475904.0
140490067.0
140506471.0
140489021.0
140504556.0
140492909.0
140485307.0
140505079.0
140499989.0
140484290.0
140490749.0
140493568.0
140507767.0
140490887.0
140517516.0
140509839.0
140511589.0
140514807.0
140511675.0
140510097.0
140524426.0
140527294.0
140520612.0
140521921.0
140520885.0
140509341.0
140520885.0
140515861.0
140521016.0
140515969.0
140511196.0
140521120.0
140544893.0
140553125.0
140532484.0
140551909.0
140552199.0
140536362.0
140531427.0
140552551.0
140548741.0
140550155.0
140543363.0
140533864.0
140561939.0
140568998.0
140570440.0
140563083.0
140567754.0
140562125.0
140558647.0
140562276.0
140563305.0
140572174.0
140555888.0
140569541.0
140572273.0
140562408.0
140564562.0
140562581.0
140569791.0
140573972.0
140563816.0
140563816.0
140564859.0
140571329.0
140574017.0
140574044.0
140562839.0
140562917.0
140555539.0
140561862.0
140599846.0
140580946.0
140580063.0
140601312.0
140578903.0
140586399.0
140592783.0
140585097.0
140593282.0
140593319.0
140585474.0
140586961.0
140580763.0
140579908.0
140579911.0
140610720.0
140235115.0
140604001.0
140235410.0
140068640.0
140606488.0
140606850.0
140068684.0
140681491.0
140070716.0
140612354.0
140609042.0
140614772.0
140614777.0
140681624.0
140681644.0
140611220.0
140399414.0
140611464.0
140030747.0
140610376.0
140610380.0
140609421.0
140621180.0
140624156.0
140628000.0
140630966.0
140631024.0
140616980.0
140621489.0
140621508.0
140630101.0
140624429.0
140632183.0
140630243.0
140628361.0
140631347.0
140629407.0
140219056.0
140618898.0
140633661.0
140619076.0
140624950.0
140634510.0
140620778.0
140626442.0
140630783.0
140643489.0
140680340.0
140647925.0
140648069.0
140649871.0
140637329.0
140639709.0
140650111.0
140344418.0
140648508.0
140637593.0
140643945.0
140651014.0
140639264.0
140647438.0
140337742.0
140647617.0
140653265.0
140653280.0
140441544.0
140678221.0
140367581.0
140653663.0
140655976.0
140100008.0
140657931.0
140679460.0
140655241.0
140368025.0
140674530.0
140428592.0
140679014.0
140302811.0
140687025.0
140426255.0
140111110.0
140688577.0
140691757.0
140698823.0
140688639.0
140688743.0
140700446.0
140691061.0
140710364.0
140702303.0
140709778.0
140607757.0
140703465.0
140708124.0
140709879.0
140024076.0
140710079.0
140706796.0
140202744.0
140711455.0
140712151.0
140706032.0
140703105.0
140712322.0
140194736.0
140714914.0
140717647.0
140718561.0
140718770.0
140722346.0
140716874.0
140715931.0
140716562.0
140730456.0
140736821.0
140730630.0
140745214.0
140726951.0
140726987.0
140727042.0
140733109.0
140742297.0
140731021.0
140736131.0
140727504.0
140731189.0
140731193.0
140733459.0
140731443.0
140736456.0
140737740.0
140746148.0
140746195.0
140732744.0
140739880.0
140356432.0
140096911.0
140751044.0
140748457.0
140747200.0
140759531.0
140762921.0
140798952.0
140757570.0
140758408.0
140806564.0
140806574.0
140257643.0
140189762.0
140806078.0
140028816.0
140097829.0
140366964.0
140805405.0
140093240.0
140227991.0
140341726.0
140385596.0
140092880.0
140093169.0
140186719.0
140028104.0
140403733.0
140698128.0
140277946.0
140810514.0
140824016.0
140824950.0
140318220.0
140348716.0
140319104.0
140319566.0
140827823.0
140840385.0
140833880.0
140835893.0
140837667.0
140834332.0
140425878.0
140831746.0
140831746.0
140430835.0
140843837.0
140830722.0
140445080.0
140262662.0
140840035.0
140262160.0
140840200.0
140862830.0
140857197.0
140846840.0
140858526.0
140847190.0
140802259.0
140860398.0
140865406.0
140864636.0
140812129.0
140814937.0
140814390.0
140813504.0
140814080.0
140006806.0
140220258.0
140005891.0
140000723.0
140000741.0
140007093.0
140005478.0
140006070.0
140003180.0
140007436.0
140003189.0
140005721.0
140224336.0
140182023.0
140036979.0
140036923.0
140019653.0
140181123.0
140223741.0
140182140.0
140032529.0
140075557.0
140079562.0
140180878.0
140180915.0
140195470.0
140195494.0
140046467.0
140234591.0
140052587.0
140159141.0
140082076.0
140081994.0
140686423.0
140422920.0
140233905.0
140052499.0
140445871.0
140599526.0
140059956.0
140048602.0
140148728.0
140054785.0
140057719.0
140686247.0
140052451.0
140051537.0
140038036.0
140804011.0
140098512.0
140054947.0
140063592.0
140680502.0
140060141.0
140086306.0
140062807.0
140061619.0
140418749.0
140068024.0
140059405.0
140184764.0
140053464.0
140085563.0
140056690.0
140058414.0
140083210.0
140189593.0
140345509.0
140086770.0
140087311.0
140087667.0
140429079.0
140111776.0
140345926.0
140102667.0
140087221.0
140089029.0
140344830.0
140193274.0
140345024.0
140429188.0
140429254.0
140199795.0
140174368.0
140194184.0
140326326.0
140118672.0
140117252.0
140685938.0
140327697.0
140200168.0
140118004.0
140427047.0
140327722.0
140327839.0
140201734.0
140133090.0
140205218.0
140597770.0
140127611.0
140129366.0
140237135.0
140205481.0
140597966.0
140327819.0
140126853.0
140140515.0
140598278.0
140135456.0
140129199.0
140138805.0
140138852.0
140597715.0
140142059.0
140024368.0
140209770.0
140212574.0
140211366.0
140259829.0
140408493.0
140212352.0
140212032.0
140210791.0
140659565.0
140801449.0
140032596.0
140223015.0
140169220.0
140213774.0
140593862.0
140042182.0
140219498.0
140031756.0
140214802.0
140162331.0
140215283.0
140593995.0
140167390.0
140158039.0
140294504.0
140662644.0
140232901.0
140215123.0
140221936.0
140664565.0
140662728.0
140663404.0
140222325.0
140072302.0
140662827.0
140663809.0
140077786.0
140293722.0
140058099.0
140663607.0
140128446.0
140313482.0
140222225.0
140229754.0
140226640.0
140234190.0
140082090.0
140226240.0
140237198.0
140165426.0
140165426.0
140227045.0
140352273.0
140108217.0
140420388.0
140419168.0
140107688.0
140107691.0
140803188.0
140140740.0
140802928.0
140665239.0
140241295.0
140191247.0
140106738.0
140078072.0
140280651.0
140140799.0
140072759.0
140331215.0
140665633.0
140187074.0
140105532.0
140665745.0
140665752.0
140045561.0
140045561.0
140140740.0
140109639.0
140066827.0
140428296.0
140065612.0
140427409.0
140428011.0
140349852.0
140350054.0
140250280.0
140058270.0
140349899.0
140251384.0
140249254.0
140256636.0
140427785.0
140127958.0
140316712.0
140110534.0
140129442.0
140129442.0
140257944.0
140198169.0
140245257.0
140025378.0
140260372.0
140260508.0
140315252.0
140141921.0
140245790.0
140263476.0
140273952.0
140360710.0
140360710.0
140261392.0
140766433.0
140271934.0
140315751.0
140424877.0
140267076.0
140272381.0
140316661.0
140272919.0
140273188.0
140035656.0
140315875.0
140423866.0
140296178.0
140767344.0
140300093.0
140767034.0
140276127.0
140425546.0
140282337.0
140284673.0
140283564.0
140324845.0
140416852.0
140284183.0
140770212.0
140769700.0
140286554.0
140409241.0
140287830.0
140301977.0
140770675.0
140291662.0
140248622.0
140354428.0
140292792.0
140324459.0
140320724.0
140421219.0
140306748.0
140293232.0
140354561.0
140295277.0
140335540.0
140340496.0
140050943.0
140321334.0
140334990.0
140336831.0
140337770.0
140340940.0
140321055.0
140098571.0
140603514.0
140321822.0
140336085.0
140340148.0
140336231.0
140774079.0
140132028.0
140361139.0
140361139.0
140777616.0
140249558.0
140043167.0
140197889.0
140364287.0
140777833.0
140777841.0
140043276.0
140204038.0
140776668.0
140362117.0
140205620.0
140358013.0
140775069.0
140359710.0
140173103.0
140377908.0
140275857.0
140377237.0
140370862.0
140371249.0
140374335.0
140377428.0
140669676.0
140373641.0
140368900.0
140275730.0
140229577.0
140375661.0
140372569.0
140065574.0
140373220.0
140670724.0
140387529.0
140381887.0
140136099.0
140379721.0
140213195.0
140212705.0
140057132.0
140782334.0
140064703.0
140789339.0
140061431.0
140396087.0
140398464.0
140171453.0
140054571.0
140396664.0
140397793.0
140137805.0
140136788.0
140680313.0
140062299.0
140680085.0
140395756.0
140137185.0
140792386.0
140142304.0
140793075.0
140397012.0
140215885.0
140406553.0
140208789.0
140247855.0
140403815.0
140405590.0
140402597.0
140404003.0
140404968.0
140209329.0
140407826.0
140402088.0
140209331.0
140401415.0
140603826.0
140401103.0
140060714.0
140242211.0
140214988.0
140171599.0
140403552.0
140232126.0
140226344.0
140436509.0
140433277.0
140271293.0
140069466.0
140249398.0
140014503.0
140088603.0
140309634.0
140436392.0
140431436.0
140088640.0
140267709.0
140268040.0
140436885.0
140433183.0
140089135.0
140683929.0
140071624.0
140683686.0
140438677.0
140441243.0
140280439.0
140155822.0
140684168.0
140683419.0
140007972.0
140280658.0
140313121.0
140208056.0
140441545.0
140313389.0
140173906.0
140208577.0
140795568.0
140460282.0
140455440.0
140673440.0
140161391.0
140457061.0
140311821.0
140452898.0
140456351.0
140039658.0
140456475.0
140264410.0
140442729.0
140472103.0
140476283.0
140472375.0
140472429.0
140479569.0
140460726.0
140460839.0
140460943.0
140464359.0
140475738.0
140482213.0
140469041.0
140482575.0
140494079.0
140484835.0
140499172.0
140497664.0
140503081.0
140499705.0
140499705.0
140499758.0
140501583.0
140487013.0
140498269.0
140487323.0
140487350.0
140523996.0
140524143.0
140520360.0
140512015.0
140512036.0
140524426.0
140521847.0
140525927.0
140521984.0
140520885.0
140520885.0
140528968.0
140515847.0
140521039.0
140523613.0
140529059.0
140526650.0
140552936.0
140535678.0
140553125.0
140535940.0
140552130.0
140550886.0
140553514.0
140538182.0
140548332.0
140548845.0
140554313.0
140532165.0
140574440.0
140555639.0
140559506.0
140564257.0
140565418.0
140563529.0
140555169.0
140564810.0
140566010.0
140574185.0
140560337.0
140560411.0
140581978.0
140584601.0
140578604.0
140574560.0
140578660.0
140592281.0
140580133.0
140580152.0
140586314.0
140578903.0
140574921.0
140582407.0
140589651.0
140592993.0
140577913.0
140593282.0
140600528.0
140590105.0
140600618.0
140599663.0
140608744.0
140149872.0
140603971.0
140607347.0
140168949.0
140613401.0
140605959.0
140168962.0
140070787.0
140612551.0
140611471.0
140208163.0
140680647.0
140609488.0
140629824.0
140632834.0
140619482.0
140627893.0
140619728.0
140625515.0
140633077.0
140615739.0
140616929.0
140624210.0
140625629.0
140632014.0
140621582.0
140004062.0
140129772.0
140615986.0
140624511.0
140630298.0
140617495.0
140630484.0
140633654.0
140619048.0
140620633.0
140620778.0
140632800.0
140638864.0
140040358.0
140640652.0
140639792.0
140643862.0
140648717.0
140637684.0
140337633.0
140644141.0
140046851.0
140679147.0
140098988.0
140678261.0
140678286.0
140657720.0
140678495.0
140678568.0
140676665.0
140654066.0
140654138.0
140098736.0
140652861.0
140652977.0
140654345.0
140678931.0
140653052.0
140065145.0
140678977.0
140654475.0
140655441.0
140412323.0
140003019.0
140690137.0
140687014.0
140690289.0
140390551.0
140046965.0
140688696.0
140696526.0
140710985.0
140707201.0
140702462.0
140704569.0
140712754.0
140708468.0
140711530.0
140710901.0
140713095.0
140720127.0
140724352.0
140717647.0
140439866.0
140718589.0
140714485.0
140716242.0
140714523.0
140717883.0
140717949.0
140716851.0
140716377.0
140716396.0
140717383.0
140714212.0
140716475.0
140718253.0
140724211.0
140717070.0
140721928.0
140732832.0
140730564.0
140731783.0
140728090.0
140732043.0
140733123.0
140740618.0
140728291.0
140736138.0
140731091.0
140734303.0
140727409.0
140744261.0
140745826.0
140732349.0
140744871.0
140732808.0
140733714.0
140757158.0
140748664.0
140097345.0
140754527.0
140284839.0
140094175.0
140096574.0
140747097.0
140755479.0
140097157.0
140355695.0
140092964.0
140251938.0
140095258.0
140761240.0
140760820.0
140758788.0
140757770.0
140757795.0
140762712.0
140763332.0
140227805.0
140392272.0
140042677.0
140338188.0
140367087.0
140368487.0
140215477.0
140389662.0
140028300.0
140229163.0
140337809.0
140095439.0
140188521.0
140805558.0
140256755.0
140806532.0
140093297.0
140332546.0
140404059.0
140698128.0
140342234.0
140277964.0
140277964.0
140809107.0
140415514.0
140417754.0
140415204.0
140332500.0
140403598.0
140278240.0
140128093.0
140821722.0
140821738.0
140827247.0
140443882.0
140300506.0
140443898.0
140443942.0
140817730.0
140319269.0
140320311.0
140444212.0
140300559.0
140817995.0
140822343.0
140829341.0
140828628.0
140427549.0
140822600.0
140297801.0
140424664.0
140833934.0
140833943.0
140254005.0
140833990.0
140837767.0
140445733.0
140834818.0
140301450.0
140445919.0
140842863.0
140844195.0
140846280.0
140837011.0
140838771.0
140844329.0
140861900.0
140853409.0
140850554.0
140869113.0
140813191.0
140396547.0
140814394.0
140453774.0
140813841.0
140816223.0
140814080.0
140814754.0
140452101.0
140171537.0
140141823.0
140267814.0
140090137.0
140182278.0
140433378.0
140406684.0
140247980.0
140055359.0
140288825.0
140246134.0
140398839.0
140309716.0
140265762.0
140254727.0
140063626.0
140122768.0
140060444.0
140309098.0
140008612.0
140002829.0
140006125.0
140005905.0
140009670.0
140010146.0
140019026.0
140181218.0
140018780.0
140270699.0
140002463.0
140022577.0
140012684.0
140078344.0
140018640.0
140012957.0
140317650.0
140081222.0
140016520.0
140032300.0
140181022.0
140181674.0
140083309.0
140181859.0
140031870.0
140427538.0
140016990.0
140060291.0
140031262.0
140316437.0
140038174.0
140148986.0
140086338.0
140077043.0
140075484.0
140075484.0
140087582.0
140182287.0
140054466.0
140050003.0
140148577.0
140425960.0
140087030.0
140052417.0
140057207.0
140056565.0
140056582.0
140088368.0
140019596.0
140057394.0
140051537.0
140055595.0
140052635.0
140054947.0
140150239.0
140326435.0
140326435.0
140317009.0
140068024.0
140059173.0
140174917.0
140316704.0
140090727.0
140001893.0
140091347.0
140000842.0
140136590.0
140135248.0
140239224.0
140326983.0
140091479.0
140327293.0
140100044.0
140035405.0
140105150.0
140236521.0
140660114.0
140235628.0
140409464.0
140086267.0
140198340.0
140198844.0
140118038.0
140198563.0
140116577.0
140023259.0
140197853.0
140329753.0
140329699.0
140125307.0
140085703.0
140111354.0
140175167.0
140119475.0
140023542.0
140023527.0
140119400.0
140125440.0
140202666.0
140119915.0
140330882.0
140250043.0
140594776.0
140233763.0
140129226.0
140230995.0
140128503.0
140125950.0
140133899.0
140126821.0
140126038.0
140129122.0
140212121.0
140133684.0
140231716.0
140146173.0
140189712.0
140137263.0
140134495.0
140212380.0
140144461.0
140140262.0
140144097.0
140213342.0
140041879.0
140144782.0
140127782.0
140137939.0
140214626.0
140146713.0
140413279.0
140154582.0
140412677.0
140663895.0
140413331.0
140217870.0
140413392.0
140153498.0
140816715.0
140068278.0
140155859.0
140163426.0
140222029.0
140217493.0
140662952.0
140662769.0
140662769.0
140598270.0
140665513.0
140045561.0
140169205.0
140664848.0
140665212.0
140167663.0
140167989.0
140172199.0
140161755.0
140766093.0
140664893.0
140161946.0
140167854.0
140665341.0
140665672.0
140414586.0
140665375.0
140219623.0
140333379.0
140246151.0
140105002.0
140220096.0
140037826.0
140109639.0
140598365.0
140766943.0
140141921.0
140110752.0
140139790.0
140313874.0
140438025.0
140172001.0
140438025.0
140221653.0
140299987.0
140243482.0
140224916.0
140027700.0
140223908.0
140229617.0
140768609.0
140768151.0
140276977.0
140231247.0
140418518.0
140217977.0
140100744.0
140418299.0
140021678.0
140020869.0
140335852.0
140338499.0
140239617.0
140336556.0
140338931.0
140337464.0
140529079.0
140247427.0
140237585.0
140419121.0
140419206.0
140107533.0
140107424.0
140107434.0
140773973.0
140420342.0
140127023.0
140127692.0
140067030.0
140342410.0
140774079.0
140774532.0
140774534.0
140340218.0
140598872.0
140532521.0
140058153.0
140426186.0
140267296.0
140260085.0
140775448.0
140016357.0
140090451.0
140259723.0
140258053.0
140777239.0
140240739.0
140264786.0
140426657.0
140426165.0
140426507.0
140778652.0
140420677.0
140133403.0
140782532.0
140420912.0
140132354.0
140781127.0
140273532.0
140783025.0
140194976.0
140270910.0
140430051.0
140274215.0
140274591.0
140116652.0
140272542.0
140423392.0
140421861.0
140265709.0
140423851.0
140421906.0
140424924.0
140427632.0
140281596.0
140282944.0
140284204.0
140409344.0
140307201.0
140668341.0
140289854.0
140193833.0
140305030.0
140175637.0
140292963.0
140293338.0
140301976.0
140290826.0
140098091.0
140425740.0
140291802.0
140035077.0
140290296.0
140425700.0
140013664.0
140111593.0
140143166.0
140323459.0
140307085.0
140320736.0
140324294.0
140786706.0
140324366.0
140235151.0
140787112.0
140349625.0
140787221.0
140351067.0
140351401.0
140345667.0
140344990.0
140358779.0
140043475.0
140361199.0
140787991.0
140788223.0
140361850.0
140789700.0
140360452.0
140359582.0
140788692.0
140790128.0
140359313.0
140359767.0
140043712.0
140366838.0
140790504.0
140205285.0
140205469.0
140365019.0
140065574.0
140013808.0
140374351.0
140274963.0
140376065.0
140376386.0
140370878.0
140215907.0
140375611.0
140375611.0
140101832.0
140100777.0
140370004.0
140373283.0
140374151.0
140376568.0
140212183.0
140381887.0
140376829.0
140056772.0
140382444.0
140169814.0
140384193.0
140384263.0
140213213.0
140386134.0
140387029.0
140674814.0
140384745.0
140290015.0
140385860.0
140388003.0
140388891.0
140394598.0
140395979.0
140385613.0
140218645.0
140432483.0
140068253.0
140269420.0
140270140.0
140267705.0
140053393.0
140799973.0
140396801.0
140056120.0
140394394.0
140064288.0
140054213.0
140801794.0
140060868.0
140403689.0
140287850.0
140402251.0
140390386.0
140025128.0
140440277.0
140436023.0
140436304.0
140313262.0
140802602.0
140268011.0
140482557.0
140462393.0
140463281.0
140484842.0
140488023.0
140486612.0
140478069.0
140467984.0
140461947.0
140450079.0
140456099.0
140451139.0
140456798.0
140456798.0
140468747.0
140450808.0
140468605.0
140469525.0
140465288.0
140472168.0
140472538.0
140472992.0
140458738.0
140453548.0
140161067.0
140311963.0
140046811.0
140442046.0
140454031.0
140160732.0
140440943.0
140441232.0
140311723.0
140456934.0
140297172.0
140452802.0
140049981.0
140040466.0
140312678.0
140456351.0
140458351.0
140312878.0
140159788.0
140312228.0
140157375.0
140442856.0
140312401.0
140442501.0
140442501.0
140311859.0
140004351.0
140449711.0
140155822.0
140208808.0
140160886.0
140039965.0
140050396.0
140155669.0
140602565.0
140602295.0
140099999.0
140540725.0
140208624.0
140540699.0
140538764.0
140399794.0
140602428.0
140607013.0
140521780.0
140520709.0
140521450.0
140543651.0
140537291.0
140532484.0
140522072.0
140524819.0
140525101.0
140539972.0
140526650.0
140524175.0
140534580.0
140509591.0
140520121.0
140516552.0
140516660.0
140513330.0
140521888.0
140510427.0
140508195.0
140512161.0
140507995.0
140507995.0
140507995.0
140508490.0
140502886.0
140503443.0
140498834.0
140495269.0
140498258.0
140491398.0
140499705.0
140478146.0
140498606.0
140518048.0
140504200.0
140484227.0
140484234.0
140644416.0
140650663.0
140648831.0
140650239.0
140643862.0
140642027.0
140657133.0
140065073.0
140643438.0
140640105.0
140677843.0
140649153.0
140632199.0
140636733.0
140630363.0
140633252.0
140635011.0
140628262.0
140641949.0
140638358.0
140629644.0
140630243.0
140632030.0
140632030.0
140632588.0
140625975.0
140626760.0
140619994.0
140617134.0
140628036.0
140618222.0
140623047.0
140619843.0
140616678.0
140632874.0
140633591.0
140122592.0
140003935.0
140618726.0
140618482.0
140621307.0
140163910.0
140602003.0
140070787.0
140614557.0
140610803.0
140605853.0
140163617.0
140148583.0
140609679.0
140603826.0
140168949.0
140609398.0
140609398.0
140609016.0
140608851.0
140609000.0
140708056.0
140194566.0
140710037.0
140707415.0
140707415.0
140194736.0
140710156.0
140711550.0
140711564.0
140712708.0
140714367.0
140607866.0
140712861.0
140712886.0
140549773.0
140118360.0
140710079.0
140706432.0
140704495.0
140704679.0
140696456.0
140702435.0
140202113.0
140686371.0
140691913.0
140698130.0
140696872.0
140681815.0
140302959.0
140415172.0
140302946.0
140679806.0
140681228.0
140679493.0
140691358.0
140691358.0
140692000.0
140686415.0
140695599.0
140688812.0
140645814.0
140646642.0
140685623.0
140678448.0
140402497.0
140401777.0
140684834.0
140655565.0
140680936.0
140658838.0
140658849.0
140681185.0
140652804.0
140718172.0
140443224.0
140591878.0
140717742.0
140443499.0
140718561.0
140718299.0
140718552.0
140722579.0
140589925.0
140720424.0
140719333.0
140592786.0
140574606.0
140716382.0
140573717.0
140716673.0
140717095.0
140588522.0
140591271.0
140561837.0
140577381.0
140580154.0
140560136.0
140562085.0
140559571.0
140564107.0
140574128.0
140572419.0
140564759.0
140561915.0
140563057.0
140714107.0
140565013.0
140714103.0
140278326.0
140553125.0
140553497.0
140564480.0
140550652.0
140552484.0
140554342.0
140760601.0
140762391.0
140758408.0
140758408.0
140763170.0
140761391.0
140758902.0
140356443.0
140750271.0
140095591.0
140099475.0
140068301.0
140284645.0
140355605.0
140061730.0
140093442.0
140094175.0
140098513.0
140097430.0
140738325.0
140725993.0
140255395.0
140736365.0
140728772.0
140730340.0
140745776.0
140746001.0
140742297.0
140748592.0
140746603.0
140729230.0
140731727.0
140727005.0
140732832.0
140728841.0
140729126.0
140730908.0
140717451.0
140734749.0
140733522.0
140731999.0
140731134.0
140733253.0
140729365.0
140720346.0
140726852.0
140728995.0
140443544.0
140810040.0
140077449.0
140074071.0
140809526.0
140398185.0
140403974.0
140390125.0
140077549.0
140809360.0
140692816.0
140421070.0
140368826.0
140808084.0
140367087.0
140393905.0
140257771.0
140245638.0
140255849.0
140341165.0
140364993.0
140255767.0
140026587.0
140257018.0
140228018.0
140097891.0
140806794.0
140762559.0
140067856.0
140763766.0
140763776.0
140254340.0
140805414.0
140337809.0
140255676.0
140765506.0
140861812.0
140860398.0
140845555.0
140862952.0
140861146.0
140855827.0
140430858.0
140835340.0
140425274.0
140835292.0
140846793.0
140839042.0
140831718.0
140835763.0
140840316.0
140827707.0
140828148.0
140319150.0
140811304.0
140826104.0
140821995.0
140397893.0
140822600.0
140826538.0
140859177.0
140867568.0
140866569.0
140867395.0
149007495.0
149007655.0
149007655.0
149007943.0
149007963.0
149010229.0
149002070.0
149005456.0
149005492.0
149005756.0
149008404.0
149003005.0
149008791.0
149006464.0
149021404.0
149007030.0
149007030.0
149009283.0
149009442.0
149009442.0
149022237.0
149007544.0
149007844.0
149007844.0
149010092.0
149010092.0
149005864.0
149005556.0
149007981.0
149010620.0
149010787.0
149010791.0
149010941.0
149006310.0
149006505.0
149004028.0
149003592.0
149006886.0
149006914.0
149021217.0
149001455.0
149021514.0
149021514.0
149004289.0
149004340.0
149007418.0
149007764.0
149007764.0
149005620.0
149005659.0
149005659.0
149021138.0
149001538.0
149000095.0
149002908.0
149002950.0
149021842.0
149006582.0
149007106.0
149007110.0
149001013.0
149001029.0
149021587.0
149021613.0
149007616.0
149007619.0
149007619.0
149007619.0
149001714.0
149020770.0
149005709.0
149010853.0
149001792.0
149004146.0
149006822.0
149007178.0
149007178.0
149009382.0
149009727.0
149020542.0
149019638.0
149019648.0
149010563.0
149012346.0
149012346.0
149012697.0
149019004.0
149005227.0
149009115.0
149009115.0
149011528.0
149011531.0
149016748.0
149001917.0
149019809.0
149023176.0
149009791.0
149012166.0
149014868.0
149015196.0
149005299.0
149005309.0
149022983.0
149010443.0
149012263.0
149013829.0
149013830.0
149018198.0
149013336.0
149013875.0
149014966.0
149016056.0
149003023.0
149003023.0
149003023.0
149019972.0
149015090.0
149015091.0
149018897.0
149019762.0
149009816.0
149012093.0
149013414.0
149016168.0
149016968.0
149013999.0
149015203.0
149015257.0
149016249.0
149017719.0
149003210.0
149023087.0
149023087.0
149012816.0
149013453.0
149015304.0
149015314.0
149003334.0
149019198.0
149019198.0
149020948.0
149011494.0
149013500.0
149014168.0
149015344.0
149001597.0
149019309.0
149009837.0
149009861.0
149011895.0
149002369.0
149002369.0
149002369.0
149010546.0
149012672.0
149015518.0
149015518.0
149023126.0
149012746.0
149012746.0
149015584.0
149019471.0
149020208.0
149013155.0
149009898.0
149012237.0
149013672.0
149014589.0
149022445.0
149022581.0
149022801.0
149018216.0
149018274.0
149022045.0
149018442.0
149022229.0
149006474.0
149018728.0
