160007459
160007459
160004583
160177463
160613551
160008403
160065374
160065374
160065374
160065374
160065374
160008655
160006001
160285032
160372567
160612492
160025782
160025782
160025782
160025782
160025782
160025782
160025782
160025782
160026894
160034670
160034670
160163368
160391759
160039141
160049811
160370825
160613203
160613203
160792072
160950293
160950246
160387082
160170015
160088668
160057002
160056405
160089002
160093205
160092447
160093176
160092569
160097687
160097687
160145713
160145713
160146477
160147570
160123615
160122683
160126133
160130523
160129842
160127512
160128550
160000452
160000452
160423122
160423928
160288384
160246420
160054475
160556172
160556172
160000660
160000702
160423562
160236854
160236635
160236823
160041011
160226737
160795982
160236419
160061740
160238102
160506500
160142562
160248668
160042241
160506447
160005091
160569467
160423522
160254383
160094521
160266257
160265329
160263910
160350947
160350947
160354220
160355006
160117203
160511403
160355865
160356427
160511749
160511749
160016622
160358742
160029570
160479622
160388752
160195567
160365659
160366753
160367687
160367687
160317294
160321056
160319255
160367752
160367958
160488385
160322257
160379564
160324130
160406530
160693570
160176769
160583442
160176834
160583948
160583948
160280227
160044942
160700261
160197782
160300055
160213269
160008998
160593023
160422439
160009066
160702525
160702801
160536133
160536133
160414136
160889930
160890729
160031828
160215148
160890428
160706029
160891541
160892179
160729186
160415136
160892093
160893069
160730633
160893008
160731010
160893781
160711801
160012106
160379893
160488876
160573754
160595176
160500825
160530566
160530566
160725885
160904889
160539175
160728034
160554468
160283314
160065059
160551147
160161078
160034115
160554649
160601334
160559388
160559659
160523546
160459483
160459483
160353960
160622940
160743333
160028175
160743173
160153657
160643432
160415680
160415680
160415680
160910279
160910498
160358260
160798691
160390185
160799041
160916098
160800796
160918011
160920029
160274285
160110329
160502185
160922966
160316142
160927086
160928163
160926407
160772227
160772227
160925641
160924631
160498532
160498532
160498962
160927860
160928493
160927936
160932631
160534715
160705234
160931732
160931732
160571272
160633374
160326500
160420416
160420416
160420416
160326476
160326476
160326476
160326476
160326476
160326476
160326476
160633947
160637655
160326648
160505531
160127867
160506113
160640841
160121733
160129221
160129221
160129221
160129221
160647695
160647695
160681675
160654120
160832015
160661111
160659701
160659660
160099529
160301857
160297145
160100287
160306662
160442876
160308347
160799889
160130675
160874306
160874807
160792139
160777928
160792234
160130876
160792175
160792122
160175318
160174941
160755010
160097030
160690371
160695057
160695057
160691206
160460795
160959369
160118793
160964719
160967401
160794876
160746923
160746923
160264741
160726440
160370353
160144219
160649344
160049043
160800215
160169029
160746923
160746923
160208275
160695266
160566729
160918230
160290839
160325908
160391007
160799679
160367669
160367669
160096691
160280287
160871089
160280287
160391007
160280287
160280287
160663954
160800902
160794483
160800902
160011413
160794995
160501102
160927355
160583458
160357183
160174626
160620361
160422494
160498809
160696671
160582744
160527260
160273284
160177313
160502255
160498809
160002182
160498956
160923121
160198457
160498956
160224205
160925256
160752797
160138950
160033134
160507043
160367137
160367137
160339268
160367137
160800690
160137220
160137220
160728010
160130791
160072721
160143978
160009250
160153693
160393086
160773913
160381326
160200695
160248418
160299836
160590602
160502420
160198026
160163150
160595119
160204005
160153693
160621018
160214919
160720638
160072721
160282307
160667215
160078715
160065628
160058190
160319975
160218437
160756470
160644185
160117756
160028030
160894364
160923118
160467161
160349139
160069598
160016700
160746880
160378526
160467161
160669704
160170348
160893229
160635014
160024954
160040144
160424597
160110295
160096520
160236764
160702948
160633707
160372553
160555105
160323967
160841620
160928092
160163480
160236764
160034430
160009172
160236764
160960707
160367094
160841620
160799984
160706576
160570990
160372553
160449259
160244686
160244257
160309151
160001721
160960707
160562618
160341707
160449494
160449494
160449494
160370711
160282337
160065294
160129131
160317682
160449494
160449494
160803689
160359426
160498727
160032431
160370711
160450944
160359426
160213325
160301978
160317868
160129131
160109406
160554715
160515893
160158812
160556644
160026818
160291416
160200105
160556521
160092959
160424537
160358851
160361486
160126365
160038343
160357810
160925645
160925645
160129998
160130642
160109707
160198367
160348078
160288475
160613027
160083381
160960884
160016707
160269844
160774859
160391774
160613027
160064618
160090582
160410266
160935758
160926120
160960884
160365880
160248573
160128107
160206177
160613667
160584600
160285804
160960884
160424182
160241567
160613027
160790875
160004960
160960884
160063731
160604138
160555737
160175121
160092607
160498094
160026560
160303373
160425076
160138232
160138576
160919277
160153564
160288394
160001420
160434030
160498094
160129746
160498094
160772437
160894712
160139015
160553315
160104253
160127331
160061554
160249396
160471406
160449112
160370520
160386507
160126396
160321626
160061362
160423485
160871090
160449112
160906956
160831229
160553315
160786568
160956522
160096657
160510221
160584169
160372706
160249892
160072808
160565599
160259828
160582898
160786568
160198464
160488044
160551622
160007687
160039058
160451845
160303418
160661597
160307421
160039058
160000543
160661780
160449701
160478728
160064309
160092467
160196479
160890854
160307421
160072331
160584045
160091517
160071998
160095979
160008575
160207841
160512227
160207841
160260720
160374218
160568704
160317295
160193178
160642347
160092311
160604124
160250826
160054060
160502293
160969205
160738560
160644501
160148140
160568526
160584097
160906933
160399616
160309199
160927151
160791522
160691852
160619405
160545774
160774536
160309199
160858156
160026097
160791522
160221821
160399616
160928069
160895001
160306628
160568526
160310836
160706452
160222412
160917859
160424797
160703354
160174691
160326610
160800188
160199562
160317604
160360455
160522772
160424797
160320903
160917859
160061261
160388635
160706452
160248933
160415153
160287701
160310730
160894853
160098461
160800483
160227400
160283273
160091022
160039624
160226407
160790842
160001550
160094437
160000490
160894914
160508889
160790842
160388992
160185484
160925338
160031590
160088792
160175445
160547036
160196082
160726452
160196082
160317291
160222961
160682510
160319237
160049221
160669493
160720685
160033454
160740453
160366903
160138744
160045287
160259349
160003006
160302338
160078962
160236489
160353411
160661475
160612876
160350491
160266175
160349934
160514625
160284576
160366633
160366633
160223412
160099620
160360172
160424564
160961091
160084617
160925190
160255365
160097241
160961091
160738337
160746690
160672470
160062020
160165872
160695279
160545606
160956579
160165872
160661023
160692471
160941724
160452594
160499413
160320991
160924917
160499413
160699467
160630706
160380089
160165872
160924917
160159554
160169702
160969153
160729844
160448745
160371226
160705020
160947715
160967342
160729422
160659721
160448745
160415689
160165542
160108880
160306917
160306917
160197213
160501188
160403312
160525184
160357063
160159042
160448745
160501188
160415091
160556100
160448745
160953650
160501188
160097198
160158776
160392942
160521459
160186529
160501262
160505591
160236218
160774719
160168717
160214878
160276667
160873545
160299691
160039519
160844178
160168717
160369234
160408050
160701350
160446016
160129586
160045697
160198376
160163161
160270416
160144110
160893817
160307522
160379934
160051355
160403044
160451110
160731078
160893817
160893817
160163161
160449733
160502337
160212779
160436486
160240143
160366050
160925732
160357541
160642364
160174851
160287988
160243952
160642364
160236435
160236856
160112787
160787891
160174851
160025700
160097351
160005855
160122003
160236856
160448268
160787891
160371746
160612520
160139466
160391249
160224174
160325755
160122003
160236856
160874823
160494237
160391249
160563716
160424318
160509315
160038881
160353165
160396012
160162993
160875106
160694037
160250934
160918578
160961343
160918578
160961343
160265280
160743643
160382507
160032228
160000657
160123367
160593290
160593290
160033299
160682176
160803510
160746742
160787466
160890903
160065510
160890903
160174580
160129906
160910262
160808119
160139059
160041043
160174580
160969192
160808119
160156144
160366147
160969140
160005272
160509705
160325717
160637152
160423638
160423638
160209420
160371318
160640989
160100224
160788208
160788208
160800502
160027299
160199176
160797837
160509000
160462767
160063252
160595786
160163939
160790924
160727218
160075346
160661167
160016665
160169580
160180463
160028228
160918502
160565099
160928147
160180463
160396136
160565099
160061692
160875371
160367794
160367794
160145842
160696821
160169520
160065329
160065329
160192810
160280896
160554072
160147924
160369914
160663870
160801182
160393443
160038712
160891604
160139157
160038712
160661261
160691651
160726683
160891604
160317837
160731226
160000404
160554673
160618704
160799535
160121275
160127105
160469887
160366600
160498893
160800925
160724393
160969105
160001763
160582908
160381463
160087675
160001763
160004468
160672389
160797463
160724393
160143901
160248756
160562351
160699575
160381775
160959443
160147595
160398355
160307348
160692593
160096852
160154156
160016641
160128585
160130045
160696199
160038564
160775518
160365591
160155968
160051329
160365591
160147595
160291235
160308234
160509546
160720165
160300029
160425017
160072256
160027857
160636434
160451974
160365984
160240166
160408739
160248873
160452565
160382185
160301353
160874450
160423433
160392451
160667360
160005277
160093123
160505569
160353088
160281282
160840230
160704625
160457884
160009020
160128012
160153762
160498231
160917021
160009020
160372627
160203828
160612630
160128012
160372627
160153857
160771386
160227189
160045320
160326354
160301129
160961868
160155166
160301129
160619094
160007804
160357233
160562681
160056515
160679996
160893834
160130889
160387850
160562681
160961868
160502045
160214706
160272587
160144028
160533991
160792230
160306408
160802691
160251024
160323598
160415043
160006196
160251024
160516482
160269242
160424778
160801305
160592966
160063126
160800151
160924903
160440583
160113161
160026143
160113161
160969365
160026548
160969647
160644972
160000331
160144250
160702913
160324389
160378681
160411661
160659981
160792690
160218287
160798293
160929745
160042974
160798293
160350449
160141265
160659981
160200435
160235788
160771330
160357363
160451462
160501482
160918462
160097076
160097076
160928094
160321783
160369447
160096607
160163376
160112584
160692620
160448271
160613225
160005224
160728770
160356859
160123512
160556641
160449882
160285088
160244261
160741348
160639353
160773031
160377553
160308408
160377553
160423218
160466475
160894211
160259701
160000614
160347897
160917716
160037164
160801042
160910273
160731061
160120445
160434037
160584640
160448631
160860985
160002647
160002647
160041455
160966920
160203940
160630194
160873881
160113315
160910273
160175185
160489299
160786963
160600766
160109507
160172221
160383365
160467084
160771222
160113268
160746968
160122250
160174756
160169276
160927405
160390609
160467084
160891819
160540583
160832265
160798475
160681920
160800025
160000840
160893240
160892574
160236667
160361271
160574250
160000840
160010453
160079223
160874861
160077292
160040040
160128508
160176179
160379235
160153752
160005481
160325477
160611291
160002872
160283185
160451750
160800374
160617763
160393332
160552742
160308632
160130115
160800374
160062067
160198981
160341452
160584363
160705529
160196717
160803556
160365673
160653182
160947323
160893279
160196717
160705529
160514753
160746921
160746921
160591038
160168856
160839741
160092076
160091424
160446408
160720444
160918496
160154407
160510149
160324768
160169548
160747207
160091628
160423895
160649654
160556773
160823731
160054178
160423700
160761777
160800574
160891413
160072697
160320233
160410766
160831935
160571276
160467942
160924504
160889969
160693774
160078109
160278903
160556773
160063661
160063661
160424758
160502181
160498040
160841765
160081460
160097619
160152189
160257871
160538465
160280336
160372341
160513009
160498655
160894770
160602694
160090299
160058253
160128244
160063661
160059282
160737262
160792076
160307534
160424820
160892918
160063661
160308596
160379619
160341472
160069352
160693184
160750476
160250522
160505202
160250750
160289237
160890824
160806646
160011499
160057924
160289237
160250750
160365808
160250750
160506449
160635217
160319187
160340754
160284117
160069352
160351647
160563930
160527040
160502397
160002523
160005416
160371657
160452140
160155357
160035397
160384699
160907127
160200690
160002523
160858333
160631695
160352501
160798921
160384699
160741896
160858205
160502335
160156420
160038868
160288293
160566239
160195653
160288062
160694299
160138703
160117370
160372275
160591370
160321824
160117370
160325871
160683175
160020500
160683175
160925449
160405306
160694299
160365635
160288293
160893241
160801274
160304333
160459592
160459592
160300896
160032993
160138749
160057510
160034754
160935833
160277547
160644965
160893978
160747221
160787144
160800858
160032993
160045146
160319244
160138531
160371091
160205813
160054573
160893840
160094733
160264343
160277030
160149397
160595015
160264343
160661705
160931715
160044155
160271741
160044473
160054573
160227386
160309667
160163144
160320647
160689160
160689160
160844356
160541642
160689160
160320647
160891867
160092625
160000859
160894735
160356202
160451255
160926824
160260601
160803474
160534141
160796567
160617469
160788280
160044179
160574739
160450496
160175278
160092110
160512737
160061301
160574739
160283629
160635077
160512230
160039053
160092319
160301614
160061301
160236850
160512737
160702870
