14191749.0
14190706.0
14082220.0
14001754.0
14001754.0
14000983.0
14236585.0
14143465.0
14124050.0
14575203.0
14000667.0
14000667.0
14857078.0
14007755.0
14156320.0
14098306.0
14008583.0
14856798.0
14005374.0
14007323.0
14455996.0
14190991.0
14856906.0
14856934.0
14856934.0
14856934.0
14856978.0
14857015.0
14012920.0
14218061.0
14218061.0
14013308.0
14009891.0
14009895.0
14009895.0
14426840.0
14190945.0
14009847.0
14007212.0
14007649.0
14426920.0
14010410.0
14812711.0
14012447.0
14008625.0
14218003.0
14218320.0
14013526.0
14008357.0
14014108.0
14010266.0
14044270.0
14014664.0
14014837.0
14012220.0
14013713.0
14013090.0
14015640.0
14013408.0
14009919.0
14016395.0
14014398.0
14017371.0
14019075.0
14141858.0
14218905.0
14098629.0
14098629.0
14219036.0
14059321.0
14003248.0
14017467.0
14017470.0
14019862.0
14020012.0
14018321.0
14020997.0
14020757.0
14020757.0
14240436.0
14021641.0
14020712.0
14134869.0
14134869.0
14020662.0
14006758.0
14021271.0
14067221.0
14067259.0
14022082.0
14021835.0
14021287.0
14021343.0
14021116.0
14099187.0
14022126.0
14135499.0
14067761.0
14067773.0
14239451.0
14099148.0
14045190.0
14219410.0
14219410.0
14046131.0
14046172.0
14045850.0
14099156.0
14676443.0
14045469.0
14220447.0
14220447.0
14210334.0
14210334.0
14039734.0
14039734.0
14039734.0
14039734.0
14024563.0
14045760.0
14029516.0
14025844.0
14029468.0
14061261.0
14027346.0
14026832.0
14067668.0
14067668.0
14007036.0
14028057.0
14067677.0
14136269.0
14031983.0
14156020.0
14097420.0
14031470.0
14206014.0
14046701.0
14001960.0
14200296.0
14034532.0
14132732.0
14032980.0
14031610.0
14031265.0
14031460.0
14096780.0
14157631.0
14133239.0
14133147.0
14133048.0
14133048.0
14097319.0
14040755.0
14200498.0
14037926.0
14427090.0
14200524.0
14224598.0
14219985.0
14133273.0
14035835.0
14133212.0
14427225.0
14002731.0
14036496.0
14133050.0
14097446.0
14040597.0
14063770.0
14133511.0
14133059.0
14226894.0
14041284.0
14038173.0
14224556.0
14226853.0
14038011.0
14581188.0
14062693.0
14033229.0
14427544.0
14155767.0
14139794.0
14045412.0
14221198.0
14220963.0
14047563.0
14581526.0
14046115.0
14044514.0
14580937.0
14580946.0
14581620.0
14044879.0
14046840.0
14046842.0
14045043.0
14045554.0
14045019.0
14581084.0
14045830.0
14221183.0
14581790.0
14050284.0
14050284.0
14583014.0
14048584.0
14221550.0
14060067.0
14097992.0
14134645.0
14098010.0
14582506.0
14582309.0
14052399.0
14052399.0
14050462.0
14049341.0
14051242.0
14051242.0
14582330.0
14049538.0
14049538.0
14816479.0
14582600.0
14049422.0
14049422.0
14582641.0
14582655.0
14428790.0
14428361.0
14050730.0
14052584.0
14052434.0
14049642.0
14428829.0
14583045.0
14135516.0
14206093.0
14430980.0
14206312.0
14221633.0
14221633.0
14053180.0
14063219.0
14430754.0
14583349.0
14428583.0
14206521.0
14097137.0
14430911.0
14062719.0
14041101.0
14206158.0
14063416.0
14041043.0
14430424.0
14429619.0
14430290.0
14293640.0
14430077.0
14057631.0
14058091.0
14059614.0
14583758.0
14064005.0
14583605.0
14058479.0
14583486.0
14431177.0
14096072.0
14648419.0
14047307.0
14096134.0
14096134.0
14066807.0
14583971.0
14584077.0
14584480.0
14583988.0
14584342.0
14136137.0
14066739.0
14043861.0
14648402.0
14586351.0
14067849.0
14067416.0
14586481.0
14584627.0
14066072.0
14472100.0
14584850.0
14584692.0
14067237.0
14587433.0
14294966.0
14069324.0
14068965.0
14295069.0
14071106.0
14294560.0
14070444.0
14067936.0
14067936.0
14586803.0
14067678.0
14586594.0
14136452.0
14068982.0
14070938.0
14001359.0
14676682.0
14073195.0
14077417.0
14070132.0
14069166.0
14073246.0
14077453.0
14587230.0
14069571.0
14069571.0
14064168.0
14857240.0
14017806.0
14076076.0
14080959.0
14074310.0
14079754.0
14079754.0
14222209.0
14134733.0
14071680.0
14073918.0
14074528.0
14064668.0
14064668.0
14135381.0
14135381.0
14081297.0
14081298.0
14081325.0
14081333.0
14077898.0
14082280.0
14081629.0
14201528.0
14081115.0
14587963.0
14064756.0
14001445.0
14064636.0
14116615.0
14080123.0
14084259.0
14084874.0
14588517.0
14135658.0
14064492.0
14588022.0
14136195.0
14088533.0
14065060.0
14084586.0
14136449.0
14087362.0
14087362.0
14085912.0
14085482.0
14588768.0
14589639.0
14089567.0
14089149.0
14590695.0
14136751.0
14590674.0
14590674.0
14588895.0
14089828.0
14136613.0
14590314.0
14294178.0
14294178.0
14144070.0
14085642.0
14590535.0
14588935.0
14589286.0
14089744.0
14093160.0
14092539.0
14093626.0
14091329.0
14092149.0
14092085.0
14093387.0
14094075.0
14144437.0
14095765.0
14048246.0
14222844.0
14137265.0
14094101.0
14094563.0
14093818.0
14094563.0
14094791.0
14094064.0
14094809.0
14094818.0
14047565.0
14047867.0
14061872.0
14137293.0
14048488.0
14048488.0
14049208.0
14137010.0
14048914.0
14049266.0
14591077.0
14591077.0
14591082.0
14103139.0
14103148.0
14592416.0
14592416.0
14144612.0
14222895.0
14137505.0
14137482.0
14102957.0
14144529.0
14145148.0
14145148.0
14103058.0
14431987.0
14102742.0
14592013.0
14223342.0
14592623.0
14102830.0
14102873.0
14222979.0
14592334.0
14110680.0
14110731.0
14109966.0
14109974.0
14201140.0
14100911.0
14224078.0
14223569.0
14107626.0
14106326.0
14108810.0
14139434.0
14594147.0
14594032.0
14109308.0
14109314.0
14593846.0
14191556.0
14432352.0
14110648.0
14110441.0
14432557.0
14110994.0
14594465.0
14595277.0
14052408.0
14817631.0
14111066.0
14053468.0
14111886.0
14111128.0
14075767.0
14207132.0
14207136.0
14596427.0
14596439.0
14113080.0
14116866.0
14116519.0
14432879.0
14433305.0
14595214.0
14034361.0
14034243.0
14115758.0
14115766.0
14141931.0
14118913.0
14117342.0
14207323.0
14117812.0
14207327.0
14596498.0
14118352.0
14208292.0
14208375.0
14120453.0
14121670.0
14597355.0
14117804.0
14117209.0
14208428.0
14208428.0
14208613.0
14120073.0
14597068.0
14597068.0
14208236.0
14120678.0
14593912.0
14119381.0
14597836.0
14846518.0
14119183.0
14119183.0
14119754.0
14121869.0
14119918.0
14598674.0
14121232.0
14523696.0
14433532.0
14125809.0
14126877.0
14433638.0
14125726.0
14125726.0
14127216.0
14125650.0
14126774.0
14433392.0
14598803.0
14435096.0
14598101.0
14127275.0
14127286.0
14126600.0
14598856.0
14599764.0
14435407.0
14226843.0
14127474.0
14127493.0
14435981.0
14435733.0
14434435.0
14434437.0
14434460.0
14818050.0
14524514.0
14127365.0
14434495.0
14434502.0
14600456.0
14127036.0
14126439.0
14227661.0
14227661.0
14044234.0
14227518.0
14597512.0
14436202.0
14436202.0
14127503.0
14601484.0
14601077.0
14600747.0
14208850.0
14436213.0
14208744.0
14227169.0
14227438.0
14044636.0
14130439.0
14130439.0
14524995.0
14131688.0
14045548.0
14064460.0
14130487.0
14602242.0
14209144.0
14209144.0
14044737.0
14130526.0
14437056.0
14131433.0
14227393.0
14141477.0
14599924.0
14146405.0
14131807.0
14190912.0
14130778.0
14190845.0
14602584.0
14141399.0
14190832.0
14602595.0
14190803.0
14130920.0
14148002.0
14006052.0
14005164.0
14148194.0
14147245.0
14148767.0
14147790.0
14147819.0
14147421.0
14228628.0
14228785.0
14154902.0
14154950.0
14065540.0
14068314.0
14068314.0
14068332.0
14150562.0
14005558.0
14150029.0
14149406.0
14006270.0
14149912.0
14150191.0
14603099.0
14150445.0
14071763.0
14604581.0
14102689.0
14153164.0
14185828.0
14142411.0
14603854.0
14069314.0
14153461.0
14185628.0
14601216.0
14603445.0
14153011.0
14143552.0
14153774.0
14153358.0
14153938.0
14153944.0
14065706.0
14187991.0
14155756.0
14221438.0
14221620.0
14155433.0
14155433.0
14186715.0
14158974.0
14144207.0
14605058.0
14161488.0
14231630.0
14221828.0
14158194.0
14158711.0
14525992.0
14437306.0
14525927.0
14159341.0
14437399.0
14437110.0
14159974.0
14604863.0
14158486.0
14160554.0
14605855.0
14160301.0
14231714.0
14160213.0
14146069.0
14144601.0
14160922.0
14144874.0
14145462.0
14145464.0
14605782.0
14138869.0
14233026.0
14160273.0
14141749.0
14160444.0
14233317.0
14438689.0
14438430.0
14438239.0
14163955.0
14083542.0
14604727.0
14232759.0
14606592.0
14232879.0
14231808.0
14438171.0
14438171.0
14232892.0
14232892.0
14154242.0
14232055.0
14232942.0
14083185.0
14083185.0
14439411.0
14085335.0
14235372.0
14165460.0
14234980.0
14234980.0
14606906.0
14165539.0
14165539.0
14439737.0
14236066.0
14439610.0
14235416.0
14607967.0
14234759.0
14164393.0
14236615.0
14607700.0
14607700.0
14164741.0
14440349.0
14164673.0
14440685.0
14440693.0
14084141.0
14084141.0
14167190.0
14608892.0
14084030.0
14084030.0
14084030.0
14084030.0
14608892.0
14608905.0
14608913.0
14209815.0
14209855.0
14209855.0
14166742.0
14609345.0
14610525.0
14085645.0
14166586.0
14610578.0
14167832.0
14167832.0
14527834.0
14167908.0
14608969.0
14610645.0
14609898.0
14610170.0
14610170.0
14167794.0
14609122.0
14609232.0
14609205.0
14610790.0
14610723.0
14173151.0
14172597.0
14172597.0
14169818.0
14609739.0
14611945.0
14611273.0
14237500.0
14846860.0
14238461.0
14238461.0
14612276.0
14610914.0
14238971.0
14239292.0
14172660.0
14612752.0
14611385.0
14611385.0
14239489.0
14612723.0
14176172.0
14176792.0
14177000.0
14233382.0
14177551.0
14177551.0
14240568.0
14075057.0
14176739.0
14176917.0
14074828.0
14175809.0
14176363.0
14176363.0
14677763.0
14174848.0
14075605.0
14181231.0
14235844.0
14178657.0
14180435.0
14176501.0
14181343.0
14041434.0
14178400.0
14178416.0
14179530.0
14180810.0
14176617.0
14614019.0
14179646.0
14179647.0
14176652.0
14177262.0
14182288.0
14182533.0
14183133.0
14824939.0
14235422.0
14183926.0
14182359.0
14180506.0
14184003.0
14236494.0
14441213.0
14240926.0
14184147.0
14824267.0
14182235.0
14182129.0
14190077.0
14065081.0
14677138.0
14236585.0
14237119.0
14042474.0
14174789.0
14193209.0
14192493.0
14192519.0
14236678.0
14192092.0
14236898.0
14237161.0
14236632.0
14236632.0
14192124.0
14847127.0
14829733.0
14192400.0
14236727.0
14042588.0
14236988.0
14236997.0
14236997.0
14033759.0
14196554.0
14196756.0
14194692.0
14176174.0
14176181.0
14197270.0
14847197.0
14042895.0
14827066.0
14237904.0
14141378.0
14827284.0
14847248.0
14005461.0
14134103.0
14245385.0
14245414.0
14247027.0
14197208.0
14238041.0
14238430.0
14246085.0
14247089.0
14246140.0
14134118.0
14245728.0
14246950.0
14238468.0
14442049.0
14441904.0
14042332.0
14042332.0
14239990.0
14440938.0
14006341.0
14005957.0
14240328.0
14060260.0
14103596.0
14009582.0
14200632.0
14442414.0
14442599.0
14005912.0
14204387.0
14205692.0
14241351.0
14104089.0
14241412.0
14443490.0
14444413.0
14135009.0
14444357.0
14444027.0
14202672.0
14053823.0
14053832.0
14053832.0
14054802.0
14209952.0
14205227.0
14055468.0
14209985.0
14209990.0
14210072.0
14210219.0
14210235.0
14056297.0
14204637.0
14204639.0
14205061.0
14204870.0
14204679.0
14130271.0
14445564.0
14203254.0
14445678.0
14213912.0
14219270.0
14130156.0
14129904.0
14445835.0
14218985.0
14447078.0
14615469.0
14615559.0
14139540.0
14213997.0
14141744.0
14191691.0
14191691.0
14213968.0
14213929.0
14140240.0
14140340.0
14213990.0
14302421.0
14447247.0
14447835.0
14447682.0
14302245.0
14229440.0
14447368.0
14293941.0
14447114.0
14117521.0
14211768.0
14211826.0
14211898.0
14448685.0
14448166.0
14243919.0
14106034.0
14449236.0
14449256.0
14164028.0
14448085.0
14449214.0
14006502.0
14211434.0
14118775.0
14248451.0
14248078.0
14248113.0
14212296.0
14118716.0
14211471.0
14449881.0
14249028.0
14449507.0
14248428.0
14201918.0
14076119.0
14247801.0
14104813.0
14248768.0
14249968.0
14179040.0
14072164.0
14200481.0
14249594.0
14201903.0
14011782.0
14011782.0
14069566.0
14252252.0
14179061.0
14252289.0
14249879.0
14250746.0
14250758.0
14252770.0
14251373.0
14252156.0
14012139.0
14249392.0
14182422.0
14252097.0
14252097.0
14252177.0
14249418.0
14251294.0
14181403.0
14012940.0
14143097.0
14143097.0
14255472.0
14254208.0
14256135.0
14254841.0
14253255.0
14194021.0
14253620.0
14181809.0
14256088.0
14251794.0
14251794.0
14107044.0
14105213.0
14105220.0
14255398.0
14254627.0
14253746.0
14251675.0
14253807.0
14194110.0
14251877.0
14255669.0
14182502.0
14255254.0
14253821.0
14258872.0
14256892.0
14257032.0
14257547.0
14256063.0
14258363.0
14256547.0
14257237.0
14618636.0
14618900.0
14052919.0
14259231.0
14258033.0
14258037.0
14439231.0
14257324.0
14070352.0
14441183.0
14617313.0
14258656.0
14439266.0
14617206.0
14440877.0
14257954.0
14259312.0
14617976.0
14618361.0
14053173.0
14440473.0
14620357.0
14618749.0
14263271.0
14110157.0
14052986.0
14263176.0
14619620.0
14619432.0
14619154.0
14262187.0
14262196.0
14111018.0
14622675.0
14621325.0
14620502.0
14264962.0
14263279.0
14621228.0
14263091.0
14263390.0
14167995.0
14265370.0
14623439.0
14262933.0
14623576.0
14167227.0
14621293.0
14262967.0
14622113.0
14622113.0
14622113.0
14622116.0
14625976.0
14444037.0
14626016.0
14624958.0
14625516.0
14624425.0
14625548.0
14266207.0
14626109.0
14626184.0
14266027.0
14622992.0
14266041.0
14111473.0
14265130.0
14450326.0
14266446.0
14111277.0
14623641.0
14443881.0
14624341.0
14624917.0
14111159.0
14443856.0
14627373.0
14626541.0
14626541.0
14626541.0
14268632.0
14624014.0
14625781.0
14625789.0
14038843.0
14624176.0
14624810.0
14624810.0
14623837.0
14111700.0
14627964.0
14627964.0
14623887.0
14625120.0
14625334.0
14626444.0
14626444.0
14444994.0
14268231.0
14269311.0
14039528.0
14627715.0
14627182.0
14627437.0
14627452.0
14627454.0
14626880.0
14269861.0
14270239.0
14627755.0
14627755.0
14627774.0
14039329.0
14039329.0
14627495.0
14627643.0
14268319.0
14628154.0
14268216.0
14627236.0
14628522.0
14444709.0
14268721.0
14626752.0
14269181.0
14628823.0
14271750.0
14039905.0
14270349.0
14628450.0
14628604.0
14083068.0
14084153.0
14084996.0
14445267.0
14084678.0
14165879.0
14629659.0
14629659.0
14167102.0
14629817.0
14272759.0
14272759.0
14450399.0
14628940.0
14167119.0
14167119.0
14200113.0
14271013.0
14271803.0
14167372.0
14167372.0
14082834.0
14272893.0
14168063.0
14121397.0
14122220.0
14122220.0
14202246.0
14202192.0
14210562.0
14273852.0
14630300.0
14629773.0
14163702.0
14629702.0
14272806.0
14165146.0
14166788.0
14026059.0
14273878.0
14273674.0
14629577.0
14630974.0
14445513.0
14274345.0
14630048.0
14630563.0
14274713.0
14273528.0
14275036.0
14275036.0
14217402.0
14275056.0
14275056.0
14630384.0
14274878.0
14630397.0
14630333.0
14274929.0
14054710.0
14279541.0
14054564.0
14445909.0
14632599.0
14200949.0
14633619.0
14632992.0
14631732.0
14280720.0
14632493.0
14281265.0
14632356.0
14633441.0
14631898.0
14446833.0
14631610.0
14280577.0
14281431.0
14631795.0
14446265.0
14055814.0
14281760.0
14267451.0
14281770.0
14281770.0
14282896.0
14208076.0
14282662.0
14633872.0
14633872.0
14132124.0
14132131.0
14281899.0
14636377.0
14131986.0
14132137.0
14636545.0
14282726.0
14281813.0
14635641.0
14634841.0
14636660.0
14281959.0
14636170.0
14636170.0
14636170.0
14636170.0
14277426.0
14448238.0
14635300.0
14635337.0
14447895.0
14636697.0
14281878.0
14456627.0
14282960.0
14284979.0
14207848.0
14639241.0
14640433.0
14284875.0
14132507.0
14456645.0
14638470.0
14638239.0
14132280.0
14637875.0
14637875.0
14637875.0
14637875.0
14638070.0
14285258.0
14637603.0
14637603.0
14638251.0
14636744.0
14132481.0
14637226.0
14132246.0
14636800.0
14636800.0
14636800.0
14636800.0
14284325.0
14284841.0
14639818.0
14638629.0
14451345.0
14452148.0
14452149.0
14187170.0
14455419.0
14451822.0
14639386.0
14641437.0
14641437.0
14641437.0
14641437.0
14285301.0
14639908.0
14639586.0
14639586.0
14639734.0
14285316.0
14639923.0
14640843.0
14451851.0
14638749.0
14452005.0
14452387.0
14638778.0
14640125.0
14286739.0
14454372.0
14454372.0
14455110.0
14454978.0
14455755.0
14455002.0
14187370.0
14454847.0
14286715.0
14455705.0
14455827.0
14287336.0
14455296.0
14287710.0
14642400.0
14288171.0
14288272.0
14288272.0
14213491.0
14778050.0
14642760.0
14288365.0
14288365.0
14043047.0
14288826.0
14043154.0
14289355.0
14115094.0
14289195.0
14643201.0
14128852.0
14642195.0
14289598.0
14643160.0
14643160.0
14643160.0
14643162.0
14289486.0
14778138.0
14673536.0
14642149.0
14091821.0
14645098.0
14645098.0
14645098.0
14645098.0
14644450.0
14644450.0
14645508.0
14645508.0
14642539.0
14643365.0
14641201.0
14289404.0
14644572.0
14645236.0
14640427.0
14645032.0
14641763.0
14091204.0
14149368.0
14291278.0
14091243.0
14292050.0
14291418.0
14291902.0
14149891.0
14292976.0
14643770.0
14643782.0
14298836.0
14297420.0
14644145.0
14295448.0
14643048.0
14643505.0
14643278.0
14643128.0
14295204.0
14296104.0
14296109.0
14292772.0
14297226.0
14147611.0
14452850.0
14215802.0
14299701.0
14299408.0
14298899.0
14456567.0
14296679.0
14297506.0
14297228.0
14637407.0
14643906.0
14295754.0
14298124.0
14295913.0
14090097.0
14456276.0
14299610.0
14154185.0
14302977.0
14057312.0
14299670.0
14215049.0
14300983.0
14300535.0
14148040.0
14646122.0
14299697.0
14147174.0
14644303.0
14300088.0
14301201.0
14057619.0
14299858.0
14121746.0
14300675.0
14122013.0
14122013.0
14216469.0
14122021.0
14298294.0
14121415.0
14306774.0
14314611.0
14153426.0
14154443.0
14304812.0
14303154.0
14303546.0
14304539.0
14304539.0
14301563.0
14301975.0
14303095.0
14301833.0
14301579.0
14309072.0
14618995.0
14314835.0
14317694.0
14305693.0
14309008.0
14312375.0
14312383.0
14313299.0
14315817.0
14316380.0
14574922.0
14315745.0
14314126.0
14318069.0
14315024.0
14316559.0
14316677.0
14321717.0
14311224.0
14321937.0
14310265.0
14310339.0
14309348.0
14316847.0
14313439.0
14313440.0
14322355.0
14307370.0
14308366.0
14311498.0
14574942.0
14311556.0
14317462.0
14326022.0
14326054.0
14327262.0
14319347.0
14307612.0
14308651.0
14307667.0
14312650.0
14314447.0
14313621.0
14316036.0
14323697.0
14328663.0
14326187.0
14333549.0
14331373.0
14331394.0
14333620.0
14336592.0
14332642.0
14332655.0
14338383.0
14339128.0
14323491.0
14339151.0
14335791.0
14340064.0
14327671.0
14327679.0
14323935.0
14326638.0
14331671.0
14339991.0
14334963.0
14330668.0
14329887.0
14342669.0
14329895.0
14331918.0
14330922.0
14330922.0
14333163.0
14334055.0
14333367.0
14334422.0
14334177.0
14335177.0
14335316.0
14335177.0
14347343.0
14348446.0
14337148.0
14336287.0
14338174.0
14338174.0
14339502.0
14324212.0
14340452.0
14340113.0
14340113.0
14324195.0
14324195.0
14341389.0
14344944.0
14344772.0
14341969.0
14342091.0
14342114.0
14341983.0
14342170.0
14341087.0
14354491.0
14343598.0
14343625.0
14356618.0
14344480.0
14358042.0
14359587.0
14346884.0
14360107.0
14359518.0
14348869.0
14349114.0
14360891.0
14350836.0
14362110.0
14362085.0
14362085.0
14362181.0
14364147.0
14364059.0
14364059.0
14354698.0
14366325.0
14366515.0
14354899.0
14367786.0
14367914.0
14369440.0
14356202.0
14355618.0
14355362.0
14356902.0
14369102.0
14370440.0
14370440.0
14356902.0
14371761.0
14358475.0
14372534.0
14372789.0
14373695.0
14372974.0
14359284.0
14374999.0
14375068.0
14375270.0
14360342.0
14360999.0
14360999.0
14376433.0
14377926.0
14377926.0
14377935.0
14362374.0
14377833.0
14378621.0
14819519.0
14363775.0
14365188.0
14354070.0
14365077.0
14388166.0
14369832.0
14372334.0
14389093.0
14372193.0
14372193.0
14372316.0
14390053.0
14390345.0
14373185.0
14373203.0
14375976.0
14381794.0
14381645.0
14375669.0
14818760.0
14376536.0
14377658.0
14819335.0
14384276.0
14378324.0
14379093.0
14384056.0
14384904.0
14385699.0
14384748.0
14367159.0
14368828.0
14387131.0
14388335.0
14391279.0
14369657.0
14406021.0
14395283.0
14820154.0
14395959.0
14396465.0
14396541.0
14396553.0
14396555.0
14381958.0
14397510.0
14398800.0
14398591.0
14385933.0
14386026.0
14386066.0
14386984.0
14386260.0
14387051.0
14387051.0
14398391.0
14387789.0
14387905.0
14387601.0
14387601.0
14387986.0
14388900.0
14388935.0
14400910.0
14400927.0
14388850.0
14821072.0
14390670.0
14403586.0
14418110.0
14406268.0
14821299.0
14407425.0
14821555.0
14410224.0
14408831.0
14822606.0
14822635.0
14408975.0
14822207.0
14397156.0
14397806.0
14397851.0
14398521.0
14822854.0
14822854.0
14824231.0
14399844.0
14399874.0
14400432.0
14400486.0
14401260.0
14820402.0
14419337.0
14420289.0
14402505.0
14402149.0
14418196.0
14406893.0
14458319.0
14458350.0
14425799.0
14457163.0
14457272.0
14459258.0
14410545.0
14822784.0
14456608.0
14456998.0
14457050.0
14457652.0
14457751.0
14457865.0
14457991.0
14457993.0
14459089.0
14460383.0
14459181.0
14410936.0
14823472.0
14460180.0
14460235.0
14460271.0
14460296.0
14460315.0
14460412.0
14095558.0
14138890.0
14017254.0
14822324.0
14823065.0
14459946.0
14461323.0
14461323.0
14139459.0
14462164.0
14462308.0
14178574.0
14824013.0
14824280.0
14464269.0
14415080.0
14463503.0
14464060.0
14464128.0
14464835.0
14414134.0
14414171.0
14417147.0
14826924.0
14463895.0
14824734.0
14464464.0
14420903.0
14825105.0
14420759.0
14420674.0
14423043.0
14424286.0
14422913.0
14825445.0
14425049.0
14419460.0
14420496.0
14457416.0
14457419.0
14458408.0
14459454.0
14460948.0
14277171.0
14277171.0
14277193.0
14474242.0
14467285.0
14467270.0
14460722.0
14130765.0
14140352.0
14140095.0
14826666.0
14463823.0
14470962.0
14273186.0
14472977.0
14072569.0
14464320.0
14470924.0
14143509.0
14143509.0
14072528.0
14072528.0
14469414.0
14467090.0
14468641.0
14473205.0
14467634.0
14848796.0
14473164.0
14475532.0
14473786.0
14422406.0
14473713.0
14475510.0
14465016.0
14457836.0
14457836.0
14472086.0
14472086.0
14475349.0
14475426.0
14457659.0
14474323.0
14828233.0
14469027.0
14458563.0
14459572.0
14459580.0
14459692.0
14459713.0
14465461.0
14828521.0
14483929.0
14483967.0
14483653.0
14484939.0
14485096.0
14485556.0
14485567.0
14485735.0
14485756.0
14486166.0
14486197.0
14300569.0
14486250.0
14476109.0
14830406.0
14476634.0
14476713.0
14477261.0
14477987.0
14479092.0
14484357.0
14484395.0
14480069.0
14480858.0
14480113.0
14480986.0
14477667.0
14481096.0
14482479.0
14480659.0
14481942.0
14481870.0
14470568.0
14482329.0
14482803.0
14482663.0
14471176.0
14484123.0
14494090.0
14495588.0
14495588.0
14483512.0
14487301.0
14496160.0
14496704.0
14496578.0
14487856.0
14485490.0
14485524.0
14487773.0
14487819.0
14496551.0
14488317.0
14476288.0
14199714.0
14488824.0
14488832.0
14488828.0
14489365.0
14477942.0
14488140.0
14199693.0
14199693.0
14201361.0
14644445.0
14489220.0
14489258.0
14489355.0
14234966.0
14490462.0
14233192.0
14233192.0
14490355.0
14492797.0
14493729.0
14493729.0
14479837.0
14200633.0
14493627.0
14481215.0
14490044.0
14492598.0
14493634.0
14494364.0
14481691.0
14493395.0
14494275.0
14494275.0
14494284.0
14495138.0
14493233.0
14494900.0
14494968.0
14494996.0
14496322.0
14497651.0
14498445.0
14487969.0
14498713.0
14498366.0
14498855.0
14498569.0
14498723.0
14499239.0
14232860.0
14232860.0
14499322.0
14489582.0
14499630.0
14499922.0
14491067.0
14500089.0
14499934.0
14499934.0
14493049.0
14501240.0
14501344.0
14494620.0
14502060.0
14502845.0
14502874.0
14503910.0
14503768.0
14504370.0
14496929.0
14497023.0
14497028.0
14497098.0
14497098.0
14497123.0
14497615.0
14497693.0
14497778.0
14487382.0
14498236.0
14511420.0
14498189.0
14498664.0
14498664.0
14498677.0
14498681.0
14498991.0
14506385.0
14461955.0
14515167.0
14515061.0
14515111.0
14504846.0
14509700.0
14505982.0
14849113.0
14461049.0
14507841.0
14512291.0
14511012.0
14512739.0
14512352.0
14850108.0
14509386.0
14511605.0
14512196.0
14512659.0
14514790.0
14497371.0
14849620.0
14850044.0
14511470.0
14515558.0
14521393.0
14526253.0
14519704.0
14519687.0
14506464.0
14525620.0
14644790.0
14529453.0
14532483.0
14533558.0
14527301.0
14512413.0
14528958.0
14528958.0
14531060.0
14532058.0
14517357.0
14461892.0
14530914.0
14530989.0
14519556.0
14830623.0
14533139.0
14519444.0
14533017.0
14519229.0
14530494.0
14524410.0
14644736.0
14548961.0
14536012.0
14537253.0
14545596.0
14535871.0
14538054.0
14532820.0
14537881.0
14537952.0
14539034.0
14530746.0
14537764.0
14538916.0
14541511.0
14517752.0
14536252.0
14538767.0
14538791.0
14540531.0
14541358.0
14542230.0
14542299.0
14542414.0
14543519.0
14536268.0
14537506.0
14537605.0
14543375.0
14543375.0
14544501.0
14517802.0
14644479.0
14540366.0
14542144.0
14543223.0
14545378.0
14541980.0
14542053.0
14545173.0
14546844.0
14644798.0
14541820.0
14544096.0
14546567.0
14546586.0
14546705.0
14541702.0
14541753.0
14850155.0
14542876.0
14546240.0
14546418.0
14546450.0
14546591.0
14546635.0
14546651.0
14546668.0
14541681.0
14543963.0
14544891.0
14546085.0
14546111.0
14546283.0
14535101.0
14524441.0
14542663.0
14542748.0
14543735.0
14543841.0
14544855.0
14546052.0
14549096.0
14549177.0
14543685.0
14543770.0
14544802.0
14544820.0
14545864.0
14548170.0
14536059.0
14554137.0
14540783.0
14540783.0
14554584.0
14540809.0
14541571.0
14555913.0
14556135.0
14556265.0
14555529.0
14558320.0
14557602.0
14557862.0
14542645.0
14560197.0
14559857.0
14561032.0
14560091.0
14560767.0
14560900.0
14561522.0
14561372.0
14561749.0
14561787.0
14561551.0
14562044.0
14562177.0
14563534.0
14563403.0
14563550.0
14563760.0
14563760.0
14562558.0
14562949.0
14563043.0
14563457.0
14564691.0
14561702.0
14549928.0
14549831.0
14549907.0
14550700.0
14550207.0
14552106.0
14552171.0
14553645.0
14574007.0
14567610.0
14555710.0
14043700.0
14565397.0
14644849.0
14567142.0
14568929.0
14559560.0
14564137.0
14569192.0
14567237.0
14566527.0
14563827.0
14572038.0
14572080.0
14644846.0
14568744.0
14574824.0
14574861.0
14574556.0
14571755.0
14565673.0
14271863.0
14565013.0
14551869.0
14574189.0
14858255.0
14573972.0
14044066.0
14566068.0
14053771.0
14053882.0
14053882.0
14163026.0
14127677.0
14127783.0
14053992.0
14127776.0
14032161.0
14053587.0
14032432.0
14128004.0
14150127.0
14576818.0
14032077.0
14166317.0
14166317.0
14053719.0
14151821.0
14151870.0
14164145.0
14166870.0
14166870.0
14152454.0
14294230.0
14286505.0
14152421.0
14286253.0
14147159.0
14286129.0
14285984.0
14286426.0
14576091.0
14286275.0
14576538.0
14285350.0
14150019.0
14286266.0
14162901.0
14285473.0
14576250.0
14576450.0
14576517.0
14576582.0
14163322.0
14298426.0
14098824.0
14187792.0
14576105.0
14186874.0
14053664.0
14152776.0
14166396.0
14166396.0
14186821.0
14127523.0
14127719.0
14030284.0
14127728.0
14577265.0
14639652.0
14055741.0
14640899.0
14639548.0
14639548.0
14640370.0
14072618.0
14640562.0
14072719.0
14072719.0
14211254.0
14578791.0
14211128.0
14647537.0
14827906.0
14128101.0
14579746.0
14580318.0
14145423.0
14647650.0
14166791.0
14166791.0
14580256.0
14647643.0
14229872.0
14229872.0
14060635.0
14647846.0
14645089.0
14143981.0
14211666.0
14002461.0
14646859.0
14638500.0
14580459.0
14125330.0
14100670.0
14647050.0
14577191.0
14577525.0
14647443.0
14002120.0
14647379.0
14484148.0
14645187.0
14577334.0
14639116.0
14484568.0
14651189.0
14620589.0
14653783.0
14859418.0
14649194.0
14650884.0
14620142.0
14858826.0
14858833.0
14621220.0
14651084.0
14858507.0
14653402.0
14653945.0
14652298.0
14652584.0
14652942.0
14653903.0
14650245.0
14621919.0
14859382.0
14650910.0
14858488.0
14652886.0
14858546.0
14858546.0
14650109.0
14654355.0
14199208.0
14651916.0
14244782.0
14652742.0
14108401.0
14009378.0
14035882.0
14235412.0
14243792.0
14230469.0
14649154.0
14230771.0
14816832.0
14230969.0
14048470.0
14853874.0
14230603.0
14230611.0
14230421.0
14230421.0
14230421.0
14145946.0
14049245.0
14816789.0
14103728.0
14230356.0
14230928.0
14649164.0
14048025.0
14103379.0
14139719.0
14160018.0
14816787.0
14145976.0
14104714.0
14159206.0
14159322.0
14161131.0
14263829.0
14264011.0
14858708.0
14628370.0
14158489.0
14128824.0
14129123.0
14076429.0
14261361.0
14283316.0
14283316.0
14657962.0
14288263.0
14261715.0
14238522.0
14129022.0
14129022.0
14129022.0
14129338.0
14262292.0
14113928.0
14249159.0
14214973.0
14648439.0
14114026.0
14659245.0
14181579.0
14658946.0
14850515.0
14659460.0
14659131.0
14659441.0
14114279.0
14114359.0
14850495.0
14223571.0
14660099.0
14659340.0
14660016.0
14027799.0
14659832.0
14659836.0
14659876.0
14169910.0
14158384.0
14659863.0
14128941.0
14128966.0
14128966.0
14128979.0
14181245.0
14656578.0
14628777.0
14657278.0
14018437.0
14161781.0
14623146.0
14633411.0
14019156.0
14000239.0
14106885.0
14632494.0
14238496.0
14022476.0
14022435.0
14024030.0
14077655.0
14220353.0
14281013.0
14022071.0
14022104.0
14111806.0
14105233.0
14111873.0
14111873.0
14105855.0
14281668.0
14281668.0
14077736.0
14024550.0
14860005.0
14161873.0
14241033.0
14027603.0
14859748.0
14656293.0
14859983.0
14860016.0
14655893.0
14138118.0
14017865.0
14859617.0
14651488.0
14124981.0
14859697.0
14657259.0
14161567.0
14629482.0
14859716.0
14656107.0
14657067.0
14656853.0
14656966.0
14657026.0
14657305.0
14648491.0
14107657.0
14634096.0
14061431.0
14247445.0
14246287.0
14099341.0
14108328.0
14108328.0
14199258.0
14183944.0
14009035.0
14009166.0
14244056.0
14009323.0
14198930.0
14198949.0
14183606.0
14081833.0
14244531.0
14162577.0
14020686.0
14663408.0
14851107.0
14182876.0
14143894.0
14182920.0
14296604.0
14143822.0
14648715.0
14021291.0
14047059.0
14047059.0
14663964.0
14295702.0
14161574.0
14243128.0
14648886.0
14648886.0
14218210.0
14047615.0
14162171.0
14243963.0
14113758.0
14665360.0
14174334.0
14664209.0
14084708.0
14213611.0
14667969.0
14112204.0
14663432.0
14283883.0
14040537.0
14664506.0
14664815.0
14664907.0
14203006.0
14040405.0
14664209.0
14664209.0
14113232.0
14284190.0
14113741.0
14663281.0
14669591.0
14669591.0
14669653.0
14174692.0
14669697.0
14670873.0
14663693.0
14663985.0
14213378.0
14284190.0
14670824.0
14671989.0
14213110.0
14213110.0
14213763.0
14039721.0
14084936.0
14663670.0
14112697.0
14490923.0
14491457.0
14663982.0
14665219.0
14112680.0
14491864.0
14284126.0
14284126.0
14284184.0
14277764.0
14663231.0
14663790.0
14663928.0
14277749.0
14779875.0
14259887.0
14198091.0
14112661.0
14284159.0
14780760.0
14663780.0
14213261.0
14676387.0
14663603.0
14285643.0
14665022.0
14110843.0
14275382.0
14665033.0
14663201.0
14110114.0
14110114.0
14260080.0
14663726.0
14058361.0
14667411.0
14668068.0
14668129.0
14116770.0
14116773.0
14669518.0
14670132.0
14670347.0
14670419.0
14670449.0
14670463.0
14669523.0
14670718.0
14671214.0
14671295.0
14670372.0
14671624.0
14670605.0
14671677.0
14671707.0
14671777.0
14671777.0
14671825.0
14671825.0
14672085.0
14672096.0
14672197.0
14672197.0
14672253.0
14671390.0
14672454.0
14671733.0
14490279.0
14672153.0
14489662.0
14288404.0
14129090.0
14290521.0
14290521.0
14289889.0
14674216.0
14675123.0
14780583.0
14088794.0
14088998.0
14260179.0
14089787.0
14089849.0
14089900.0
14285815.0
14666004.0
14666004.0
14285863.0
14089047.0
14666026.0
14666329.0
14260802.0
14021873.0
14116797.0
14116801.0
14287705.0
14287705.0
14287705.0
14267279.0
14261081.0
14091620.0
14209308.0
14117997.0
14290491.0
14287190.0
14025983.0
14285538.0
14026028.0
14285618.0
14057289.0
14661420.0
14018514.0
14662813.0
14057866.0
14289715.0
14058025.0
14091073.0
14150065.0
14150149.0
14665433.0
14203485.0
14058162.0
14172898.0
14266999.0
14260234.0
14015727.0
14661083.0
14173809.0
14117243.0
14660728.0
14057937.0
14665654.0
14267857.0
14116562.0
14117243.0
14260730.0
14209263.0
14261071.0
14660534.0
14267587.0
14665906.0
14116878.0
14116886.0
14117103.0
14665806.0
14203959.0
14021850.0
14172771.0
14662296.0
14054904.0
14264282.0
14264878.0
14697562.0
14114530.0
14661186.0
14265853.0
14698258.0
14114527.0
14266491.0
14053390.0
14183850.0
14661547.0
14662052.0
14699793.0
14265590.0
14039093.0
14663013.0
14015976.0
14275108.0
14265065.0
14265819.0
14661685.0
14172235.0
14172235.0
14115674.0
14037471.0
14275299.0
14661665.0
14661836.0
14661836.0
14173379.0
14662794.0
14660546.0
14661305.0
14265807.0
14661817.0
14115656.0
14662377.0
14183923.0
14036687.0
14693061.0
14037913.0
14662151.0
14082198.0
14036880.0
14694767.0
14694801.0
14662550.0
14662552.0
14274891.0
14693043.0
14693061.0
14830792.0
14694426.0
14694426.0
14038919.0
14662919.0
14662921.0
14662924.0
14663086.0
14663090.0
14662912.0
14662912.0
14663089.0
14016063.0
14082529.0
14115381.0
14694616.0
14267207.0
14197440.0
14264726.0
14696988.0
14698370.0
14696708.0
14699820.0
14690909.0
14695247.0
14692406.0
14692295.0
14722143.0
14718958.0
14692230.0
14722133.0
14722152.0
14188314.0
14692249.0
14722866.0
14701687.0
14830830.0
14692505.0
14830867.0
14694880.0
14697549.0
14695012.0
14727430.0
14698439.0
14693452.0
14695386.0
14697877.0
14697877.0
14728118.0
14728122.0
14692733.0
14698907.0
14716396.0
14715189.0
14697404.0
14717213.0
14717213.0
14716566.0
14717528.0
14718798.0
14705070.0
14708532.0
14720860.0
14721845.0
14719052.0
14124679.0
14722444.0
14722493.0
14722776.0
14702874.0
14709501.0
14004973.0
14722666.0
14723311.0
14720144.0
14702750.0
14060699.0
14060825.0
14723093.0
14723797.0
14723797.0
14723797.0
14723241.0
14723251.0
14723251.0
14723977.0
14724058.0
14125163.0
14711497.0
14723761.0
14725885.0
14707974.0
14707974.0
14707974.0
14726287.0
14725633.0
14726605.0
14711542.0
14711542.0
14726360.0
14708794.0
14710517.0
14713844.0
14713664.0
14728377.0
14702194.0
14715498.0
14715501.0
14728649.0
14715622.0
14702129.0
14185623.0
14185623.0
14703748.0
14703748.0
14715486.0
14716740.0
14716031.0
14704522.0
14704522.0
14716717.0
14716909.0
14717620.0
14719430.0
14705070.0
14705099.0
14706242.0
14707195.0
14707195.0
14705155.0
14712251.0
14685856.0
14185073.0
14679688.0
14680534.0
14680534.0
14711064.0
14185244.0
14713977.0
14713233.0
14685887.0
14703362.0
14711971.0
14714829.0
14711850.0
14709673.0
14712858.0
14713780.0
14710517.0
14708484.0
14709853.0
14714761.0
14712811.0
14713541.0
14709361.0
14714412.0
14711849.0
14714351.0
14711346.0
14715456.0
14704936.0
14688255.0
14678375.0
14678377.0
14713978.0
14062081.0
14062081.0
14062081.0
14704970.0
14703911.0
14002558.0
14124552.0
14679087.0
14003407.0
14705540.0
14002353.0
14688106.0
14688109.0
14685534.0
14748296.0
14733485.0
14686867.0
14686997.0
14687965.0
14748406.0
14733242.0
14686796.0
14687537.0
14748528.0
14741877.0
14688462.0
14689446.0
14742701.0
14744290.0
14690183.0
14678543.0
14678855.0
14678565.0
14740892.0
14744217.0
14741530.0
14680932.0
14681089.0
14680734.0
14745975.0
14745975.0
14745975.0
14745975.0
14746549.0
14747128.0
14681546.0
14682307.0
14746515.0
14683098.0
14745281.0
14747611.0
14748713.0
14773787.0
14747472.0
14773776.0
14743807.0
14744439.0
14746878.0
14748051.0
14764221.0
14761425.0
14744375.0
14745578.0
14765062.0
14765177.0
14744331.0
14860371.0
14765868.0
14766867.0
14747246.0
14860379.0
14748175.0
14767571.0
14766865.0
14733632.0
14767369.0
14768438.0
14767593.0
14767593.0
14767667.0
14767696.0
14768656.0
14740744.0
14652510.0
14768457.0
14768483.0
14768483.0
14768520.0
14769115.0
14768664.0
14769012.0
14769019.0
14769148.0
14769232.0
14769249.0
14731442.0
14770251.0
14770254.0
14769784.0
14769856.0
14731267.0
14744638.0
14770296.0
14770380.0
14770417.0
14749096.0
14652606.0
14770826.0
14770830.0
14733485.0
14741336.0
14743035.0
14771836.0
14773967.0
14774120.0
14763249.0
14750460.0
14750460.0
14750460.0
14762468.0
14762480.0
14762493.0
14764696.0
14760878.0
14751890.0
14762277.0
14752803.0
14764387.0
14751777.0
14753566.0
14766223.0
14767302.0
14767488.0
14753392.0
14768029.0
14768112.0
14766472.0
14767965.0
14768065.0
14767320.0
14757197.0
14765669.0
14768720.0
14768110.0
14768131.0
14768131.0
14768281.0
14768304.0
14768354.0
14768907.0
14768943.0
14768415.0
14757156.0
14769275.0
14768735.0
14768782.0
14768867.0
14769402.0
14768897.0
14768902.0
14769437.0
14769472.0
14768960.0
14755929.0
14757921.0
14752877.0
14768696.0
14769326.0
14769430.0
14769555.0
14769581.0
14758685.0
14769891.0
14770071.0
14770657.0
14770695.0
14770766.0
14770766.0
14770766.0
14760231.0
14769290.0
14770523.0
14770649.0
14770667.0
14770672.0
14772086.0
14760112.0
14772246.0
14772544.0
14755610.0
14757310.0
14751672.0
14736400.0
14762785.0
14652933.0
14751447.0
14751492.0
14752261.0
14752308.0
14729212.0
14753221.0
14733728.0
14753890.0
14734224.0
14734758.0
14730925.0
14754536.0
14755512.0
14755596.0
14756891.0
14730560.0
14730257.0
14757542.0
14731760.0
14731779.0
14734897.0
14758320.0
14759117.0
14758811.0
14758811.0
14759058.0
14758868.0
14760620.0
14760662.0
14738010.0
14738059.0
14734918.0
14734918.0
14759643.0
14756642.0
14729273.0
14729273.0
14735450.0
14762026.0
14762335.0
14729988.0
14730029.0
14736386.0
14751050.0
14730961.0
14729241.0
14729161.0
14813883.0
14732582.0
14733442.0
14734119.0
14731120.0
14734058.0
14734674.0
14814813.0
14733981.0
14729763.0
14734440.0
14735182.0
14729738.0
14736183.0
14730303.0
14815709.0
14051825.0
14736773.0
14734950.0
14734971.0
14736580.0
14736667.0
14730639.0
14816059.0
14816122.0
14737249.0
14737253.0
14816150.0
14051410.0
14731030.0
14738971.0
14739062.0
14739769.0
14739687.0
14813120.0
14731426.0
14813457.0
14814349.0
14785489.0
14786479.0
14787891.0
14815048.0
14815061.0
14815285.0
14815327.0
14815545.0
14815348.0
14791379.0
14791413.0
14793165.0
14794078.0
14794361.0
14815948.0
14795484.0
14781336.0
14781370.0
14781901.0
14781901.0
14781943.0
14781909.0
14050739.0
14783306.0
14783330.0
14812902.0
14812971.0
14813705.0
14813705.0
14813751.0
14784997.0
14785390.0
14787216.0
14787406.0
14788234.0
14788698.0
14788812.0
14786836.0
14810659.0
14810660.0
14810671.0
14790686.0
14790697.0
14790977.0
14791000.0
14792075.0
14792086.0
14792671.0
14811415.0
14793539.0
14794007.0
14247599.0
14794825.0
14811978.0
14795801.0
14812287.0
14781791.0
14812621.0
14187622.0
14188142.0
14188514.0
14189241.0
14189297.0
14189346.0
14189396.0
14189427.0
14782937.0
14189278.0
14189341.0
14674418.0
14674455.0
14674455.0
14674491.0
14674554.0
14674582.0
14674583.0
14782899.0
14306348.0
14807520.0
14808056.0
14808155.0
14808155.0
14808155.0
14785381.0
14808776.0
14809429.0
14808967.0
14804886.0
14809375.0
14809480.0
14809557.0
14798026.0
14810178.0
14798082.0
14010998.0
14810182.0
14796870.0
14195171.0
14810835.0
14799410.0
14195226.0
14801882.0
14247345.0
14802987.0
14804092.0
14812150.0
14812150.0
14796945.0
14812483.0
14805418.0
14805454.0
14805455.0
14188906.0
14188906.0
14189115.0
14189123.0
14042644.0
14774885.0
14188894.0
14188894.0
14189553.0
14189048.0
14189595.0
14189725.0
14189753.0
14189756.0
14775694.0
14674643.0
14674643.0
14674644.0
14674658.0
14674672.0
14674730.0
14674740.0
14189638.0
14189638.0
14674831.0
14806969.0
14776282.0
14803208.0
14803209.0
14807699.0
14807041.0
14807822.0
14807822.0
14796715.0
14807691.0
14808385.0
14797491.0
14777077.0
14796558.0
14777647.0
14777649.0
14797265.0
14834789.0
14833953.0
14407096.0
14835447.0
14836251.0
14798292.0
14837016.0
14837074.0
14798973.0
14799650.0
14799721.0
14799859.0
14838109.0
14838109.0
14838109.0
14800581.0
14800581.0
14800588.0
14800745.0
14188147.0
14225888.0
14801445.0
14801602.0
14801604.0
14801835.0
14801843.0
14224313.0
14069224.0
14803523.0
14225039.0
14225209.0
14293511.0
14293826.0
14804227.0
14804227.0
14804571.0
14804691.0
14804692.0
14804361.0
14805208.0
14805220.0
14805257.0
14240279.0
14041120.0
14041176.0
14041204.0
14293519.0
14240813.0
14041427.0
14042016.0
14185719.0
14492830.0
14775870.0
14775954.0
14493632.0
14493891.0
14831769.0
14777181.0
14831675.0
14834185.0
14833107.0
14843972.0
14844200.0
14844920.0
14844941.0
14844971.0
14844971.0
14844987.0
14836680.0
14845906.0
14168151.0
14022728.0
14837362.0
14838331.0
14187480.0
14083878.0
14084025.0
14223519.0
14264421.0
14223920.0
14187491.0
14223807.0
14265705.0
14265815.0
14851287.0
14224555.0
14224686.0
14851339.0
14265996.0
14266000.0
14235736.0
14853399.0
14188910.0
14265602.0
14069867.0
14838791.0
14236561.0
14250706.0
14290254.0
14666270.0
14167555.0
14071261.0
14293316.0
14838912.0
14290223.0
14858002.0
14858002.0
14840470.0
14225233.0
14225627.0
14225627.0
14832150.0
14841894.0
14833301.0
14833415.0
14842733.0
14842960.0
14843125.0
14856242.0
14855996.0
14096459.0
14843446.0
14843453.0
14844448.0
14843738.0
14844569.0
14843890.0
14844741.0
14854882.0
14614692.0
14844384.0
14845339.0
14844473.0
14844475.0
14844523.0
14855330.0
14854904.0
14156656.0
14269545.0
14269545.0
14269675.0
14614809.0
14855656.0
14856358.0
14026334.0
14026816.0
14027402.0
14271490.0
14856564.0
14156761.0
14086343.0
14852131.0
14157334.0
14156385.0
14855424.0
14096605.0
14003278.0
14096325.0
14096615.0
14096616.0
14854947.0
14096635.0
14096638.0
14156560.0
14156566.0
14236189.0
14855007.0
14855008.0
14156914.0
14156929.0
14855738.0
14157135.0
14855565.0
14856397.0
14157470.0
14841725.0
14841742.0
14855960.0
14841496.0
14841579.0
14842295.0
14841636.0
14855289.0
14854674.0
14855569.0
14855572.0
14155503.0
14842946.0
14842372.0
14096443.0
14156309.0
14265197.0
14655826.0
14656601.0
14747829.0
14085611.0
14654773.0
14613636.0
14655943.0
14655945.0
14170041.0
14241598.0
14282315.0
14088720.0
14088720.0
14216799.0
14086288.0
14166282.0
14217152.0
14653807.0
14165164.0
14087845.0
14087845.0
14241777.0
14087627.0
14215946.0
14217393.0
14656226.0
14656226.0
14656226.0
14088328.0
14088535.0
14185709.0
14167614.0
14216246.0
14654295.0
14656406.0
14860798.0
14167684.0
14448810.0
14125063.0
14203254.0
14007347.0
14036395.0
14097356.0
14008826.0
14203258.0
14203267.0
14097780.0
14200498.0
14010419.0
14218061.0
14218061.0
14011528.0
14011837.0
14018003.0
14023229.0
14023229.0
14020229.0
14019076.0
14021835.0
14022126.0
14045080.0
14023072.0
14647643.0
14001960.0
14293443.0
14031470.0
14240859.0
14026920.0
14264126.0
14132756.0
14062988.0
14293408.0
14132943.0
14037374.0
14045872.0
14045872.0
14133334.0
14265797.0
14046677.0
14132673.0
14265673.0
14225409.0
14045830.0
14133090.0
14052677.0
14098915.0
14134869.0
14060148.0
14049554.0
14053302.0
14430248.0
14052237.0
14058873.0
14065019.0
14043644.0
14066548.0
14429721.0
14061863.0
14069324.0
14068408.0
14067801.0
14068708.0
14067856.0
14001355.0
14076383.0
14067998.0
14071316.0
14073281.0
14071646.0
14085122.0
14136449.0
14080589.0
14581115.0
14083375.0
14080221.0
14085103.0
14088783.0
14135658.0
14582506.0
14089828.0
14089828.0
14586872.0
14094142.0
14094104.0
14136628.0
14585224.0
14586393.0
14585685.0
14103043.0
14430639.0
14065060.0
14103193.0
14111785.0
14137416.0
14105620.0
14108792.0
14105938.0
14116092.0
14137260.0
14117427.0
14590141.0
14592410.0
14119918.0
14432062.0
14226701.0
14126993.0
14127007.0
14594442.0
14431769.0
14433589.0
14431864.0
14433113.0
14130904.0
14127096.0
14207018.0
14126418.0
14126424.0
14130526.0
14227032.0
14063501.0
14005115.0
14227393.0
14227645.0
14147790.0
14148609.0
14153461.0
14155756.0
14153736.0
14069356.0
14065261.0
14600195.0
14065528.0
14524514.0
14059660.0
14435386.0
14235176.0
14164414.0
14164466.0
14084030.0
14145458.0
14232825.0
14524995.0
14437317.0
14082735.0
14602984.0
14234539.0
14238564.0
14604075.0
14084940.0
14200497.0
14168012.0
14169713.0
14210002.0
14168429.0
14170788.0
14170790.0
14209672.0
14604910.0
14607270.0
14209813.0
14248915.0
14606107.0
14172310.0
14011651.0
14178308.0
14608169.0
14240311.0
14175177.0
14609744.0
14176439.0
14178416.0
14221442.0
14177650.0
14610535.0
14176541.0
14180634.0
14011424.0
14181334.0
14175011.0
14222495.0
14441213.0
14245626.0
14441567.0
14236343.0
14241319.0
14097230.0
14104991.0
14238051.0
14056297.0
14242391.0
14294676.0
14443105.0
14123312.0
14614142.0
14244353.0
14135387.0
14444835.0
14211680.0
14241915.0
14251177.0
14201924.0
14249418.0
14179040.0
14212012.0
14255892.0
14251772.0
14255639.0
14254248.0
14255789.0
14194021.0
14259297.0
14302596.0
14258063.0
14302728.0
14293574.0
14262252.0
14261898.0
14262102.0
14167227.0
14168325.0
14199396.0
14264962.0
14268110.0
14263812.0
14621301.0
14620542.0
14620542.0
14620770.0
14269311.0
14081807.0
14443772.0
14169253.0
14272919.0
14024996.0
14623170.0
14271961.0
14623055.0
14273197.0
14168836.0
14169405.0
14274214.0
14121397.0
14217804.0
14454159.0
14208277.0
14627774.0
14625461.0
14054876.0
14624958.0
14199806.0
14629795.0
14132148.0
14628137.0
14023104.0
14449923.0
14449021.0
14213475.0
14213186.0
14287498.0
14782419.0
14446911.0
14448021.0
14024186.0
14289195.0
14288365.0
14291306.0
14296515.0
14637155.0
14637603.0
14453427.0
14214371.0
14298488.0
14214449.0
14636614.0
14637875.0
14638054.0
14301389.0
14296962.0
14300860.0
14301563.0
14301579.0
14154415.0
14307707.0
14302830.0
14298294.0
14147248.0
14303444.0
14638239.0
14310982.0
14311470.0
14315471.0
14305948.0
14315024.0
14323793.0
14321518.0
14329617.0
14324366.0
14326137.0
14328154.0
14324183.0
14336605.0
14338174.0
14332149.0
14341889.0
14341186.0
14334689.0
14332828.0
14343200.0
14344480.0
14348225.0
14340076.0
14346654.0
14351044.0
14353672.0
14350040.0
14344746.0
14354227.0
14355475.0
14358567.0
14350655.0
14353256.0
14358954.0
14369218.0
14368514.0
14372722.0
14372318.0
14363962.0
14380974.0
14383930.0
14385933.0
14377452.0
14381291.0
14388935.0
14390488.0
14389412.0
14388224.0
14390812.0
14394291.0
14405987.0
14402666.0
14822207.0
14406893.0
14421736.0
14424032.0
14422838.0
14425768.0
14456103.0
14015804.0
14457411.0
14458545.0
14462075.0
14461119.0
14138836.0
14177781.0
14462570.0
14825767.0
14825623.0
14457821.0
14463352.0
14826586.0
14254576.0
14177558.0
14824831.0
14464880.0
14849125.0
14834845.0
14469026.0
14469604.0
14478264.0
14473102.0
14473680.0
14474546.0
14473455.0
14482297.0
14477762.0
14479756.0
14476920.0
14475113.0
14485453.0
14481486.0
14488023.0
14199669.0
14486702.0
14638916.0
14487846.0
14483349.0
14489535.0
14488309.0
14491489.0
14488186.0
14490395.0
14497902.0
14496406.0
14493557.0
14490424.0
14494629.0
14495410.0
14501367.0
14498674.0
14499928.0
14505330.0
14830986.0
14506629.0
14515261.0
14507767.0
14512413.0
14830003.0
14830260.0
14527301.0
14527348.0
14517357.0
14534201.0
14534805.0
14528950.0
14528520.0
14528859.0
14538012.0
14539615.0
14530579.0
14530268.0
14537433.0
14531857.0
14533634.0
14545480.0
14547420.0
14541022.0
14540203.0
14537403.0
14549214.0
14550623.0
14542869.0
14546227.0
14547814.0
14549398.0
14543013.0
14549431.0
14549698.0
14554398.0
14559881.0
14548791.0
14560490.0
14564691.0
14562303.0
14558792.0
14554697.0
14554724.0
14567344.0
14560415.0
14564560.0
14564988.0
14565423.0
14127704.0
14566960.0
14575663.0
14098017.0
14053615.0
14127776.0
14298426.0
14573078.0
14127568.0
14148552.0
14053876.0
14150848.0
14575791.0
14637830.0
14578598.0
14825572.0
14644145.0
14645943.0
14211128.0
14579639.0
14646591.0
14580350.0
14645021.0
14243704.0
14128136.0
14072528.0
14143097.0
14642448.0
14645236.0
14642073.0
14645465.0
14648952.0
14162171.0
14643369.0
14152604.0
14575908.0
14286107.0
14286426.0
14286209.0
14575953.0
14099791.0
14642539.0
14100399.0
14642760.0
14048502.0
14027799.0
14161124.0
14651756.0
14621220.0
14621295.0
14619203.0
14243128.0
14650955.0
14859063.0
14619078.0
14858553.0
14123725.0
14107889.0
14061391.0
14061431.0
14246882.0
14099688.0
14161879.0
14108230.0
14021925.0
14111806.0
14613631.0
14226159.0
14654322.0
14114053.0
14137107.0
14860112.0
14628864.0
14659227.0
14654042.0
14138116.0
14622718.0
14124959.0
14656379.0
14634353.0
14859742.0
14634204.0
14161963.0
14000236.0
14025574.0
14662321.0
14281668.0
14662552.0
14662552.0
14024030.0
14022879.0
14282482.0
14312423.0
14024471.0
14613723.0
14114359.0
14230361.0
14173221.0
14110769.0
14260195.0
14114594.0
14081865.0
14658509.0
14268988.0
14114307.0
14287190.0
14658434.0
14659064.0
14173420.0
14662924.0
14018710.0
14661022.0
14663772.0
14260612.0
14209308.0
14669591.0
14669595.0
14290449.0
14663718.0
14287372.0
14490856.0
14850808.0
14284191.0
14669896.0
14671707.0
14266841.0
14179023.0
14850770.0
14113741.0
14057100.0
14260266.0
14280502.0
14285608.0
14033617.0
14669383.0
14695844.0
14696983.0
14671214.0
14671234.0
14781040.0
14674258.0
14675186.0
14677865.0
14693396.0
14693494.0
14693313.0
14696247.0
14706771.0
14697198.0
14697517.0
14684928.0
14705070.0
14701271.0
14683182.0
14688722.0
14692769.0
14688584.0
14714433.0
14717817.0
14717528.0
14698466.0
14713730.0
14713481.0
14714351.0
14711542.0
14726627.0
14726467.0
14728118.0
14729499.0
14703909.0
14732564.0
14720736.0
14719674.0
14734308.0
14720225.0
14737175.0
14712979.0
14727398.0
14745903.0
14747873.0
14725574.0
14748832.0
14730257.0
14731536.0
14731493.0
14736728.0
14737393.0
14739780.0
14740602.0
14740658.0
14754101.0
14490646.0
14761222.0
14759720.0
14759493.0
14764135.0
14763130.0
14763959.0
14761218.0
14764557.0
14731428.0
14745876.0
14765678.0
14765041.0
14768065.0
14732996.0
14767223.0
14768648.0
14769597.0
14768862.0
14770766.0
14770881.0
14776154.0
14775916.0
14755469.0
14763787.0
14787941.0
14768426.0
14766511.0
14793672.0
14798150.0
14040861.0
14042437.0
14189776.0
14674301.0
14189218.0
14189296.0
14674794.0
14674377.0
14674430.0
14674491.0
14674614.0
14674644.0
14807461.0
14784024.0
14808932.0
14788937.0
14786124.0
14794756.0
14812829.0
14814083.0
14798234.0
14815053.0
14043999.0
14815605.0
14845411.0
14043692.0
14815640.0
14189552.0
14189555.0
14808755.0
14836788.0
14837016.0
14810872.0
14841449.0
14811893.0
14813087.0
14051357.0
14813302.0
14813751.0
14853809.0
14855114.0
14293826.0
14854093.0
14614845.0
14225401.0
14854300.0
14852210.0
14238559.0
14839202.0
14840339.0
14235140.0
14082224.0
14845848.0
14230969.0
14845577.0
14239519.0
14853459.0
14653491.0
14157971.0
14156106.0
14096002.0
14086611.0
14096388.0
14653959.0
14096395.0
14263108.0
14263338.0
14096565.0
14250706.0
14736372.0
14154818.0
14096633.0
14096653.0
14638710.0
14638847.0
14014272.0
14013754.0
14009102.0
14010286.0
14015893.0
14015918.0
14012335.0
14015813.0
14639548.0
14014203.0
14011307.0
14011695.0
14018929.0
14099367.0
14062304.0
14021847.0
14028083.0
14024901.0
14030655.0
14027310.0
14002016.0
14035046.0
14045872.0
14851273.0
14132723.0
14032958.0
14266046.0
14132770.0
14186054.0
14134740.0
14033229.0
14221183.0
14050866.0
14098915.0
14134869.0
14068036.0
14098924.0
14221564.0
14067761.0
14049507.0
14052434.0
14041074.0
14058232.0
14430197.0
14429943.0
14222431.0
14224556.0
14058878.0
14429894.0
14202385.0
14064174.0
14238188.0
14681209.0
14037770.0
14081664.0
14077453.0
14077884.0
14077548.0
14067998.0
14080970.0
14082505.0
14084416.0
14581176.0
14073246.0
14430455.0
14085932.0
14135658.0
14064882.0
14206489.0
14430570.0
14092029.0
14142255.0
14094563.0
14094852.0
14094866.0
14049794.0
14586748.0
14586021.0
14103049.0
14587055.0
14103102.0
14430953.0
14224771.0
14587914.0
14430968.0
14587939.0
14106002.0
14588942.0
14137560.0
14137599.0
14593884.0
14226851.0
14594668.0
14131656.0
14141747.0
14131488.0
14434595.0
14434248.0
14131359.0
14598123.0
14227393.0
14150021.0
14150563.0
14102622.0
14148609.0
14155780.0
14857627.0
14154137.0
14071543.0
14154468.0
14069541.0
14601650.0
14158903.0
14158646.0
14159031.0
14601946.0
14524995.0
14601824.0
14143883.0
14163874.0
14232896.0
14166597.0
14235657.0
14235481.0
14084876.0
14605090.0
14604649.0
14085645.0
14167832.0
14527834.0
14527834.0
14171116.0
14177861.0
14240609.0
14181536.0
14075605.0
14177924.0
14074828.0
14609349.0
14176363.0
14178598.0
14181456.0
14240462.0
14183206.0
14073589.0
14190907.0
14182189.0
14181871.0
14192092.0
14192178.0
14248028.0
14247483.0
14233118.0
14439737.0
14439411.0
14200809.0
14041598.0
14441552.0
14201298.0
14440364.0
14204351.0
14235422.0
14208737.0
14846869.0
14235031.0
14235062.0
14005395.0
14097193.0
14234731.0
14234731.0
14235261.0
14214002.0
14056321.0
14239269.0
14234838.0
14575751.0
14219033.0
14122659.0
14244353.0
14242319.0
14135009.0
14218953.0
14211619.0
14444170.0
14240206.0
14116915.0
14130183.0
14255550.0
14251179.0
14212164.0
14454671.0
14212034.0
14130118.0
14178938.0
14259030.0
14251991.0
14253602.0
14255674.0
14256092.0
14252230.0
14253518.0
14193944.0
14258429.0
14257289.0
14574939.0
14069360.0
14262470.0
14617584.0
14268414.0
14442663.0
14038843.0
14271595.0
14621867.0
14269398.0
14026059.0
14272794.0
14273690.0
14623901.0
14210020.0
14623802.0
14278696.0
14624331.0
14627643.0
14627715.0
14625120.0
14281827.0
14111357.0
14281507.0
14054876.0
14276720.0
14628053.0
14202192.0
14132437.0
14626411.0
14625979.0
14626626.0
14132070.0
14628477.0
14449687.0
14451734.0
14673454.0
14200264.0
14630221.0
14630221.0
14023795.0
14782531.0
14445513.0
14267442.0
14200302.0
14780005.0
14288903.0
14673325.0
14091847.0
14115225.0
14150453.0
14128852.0
14295714.0
14291346.0
14296035.0
14636640.0
14636660.0
14293042.0
14295873.0
14153506.0
14298892.0
14301715.0
14448573.0
14121868.0
14056767.0
14298340.0
14121746.0
14307707.0
14299884.0
14305156.0
14638239.0
14638239.0
14310982.0
14310274.0
14310022.0
14304332.0
14320382.0
14317127.0
14315725.0
14315817.0
14323793.0
14318076.0
14327534.0
14327942.0
14318296.0
14334055.0
14332531.0
14333723.0
14338191.0
14331343.0
14324818.0
14337273.0
14334311.0
14332861.0
14347408.0
14341337.0
14341619.0
14341635.0
14347098.0
14340064.0
14344134.0
14344391.0
14353005.0
14349701.0
14345109.0
14343670.0
14352340.0
14354004.0
14361963.0
14358752.0
14363033.0
14368754.0
14370295.0
14364525.0
14369697.0
14365385.0
14380094.0
14380094.0
14373273.0
14819082.0
14380850.0
14818711.0
14380917.0
14385816.0
14387349.0
14388935.0
14390626.0
14389344.0
14389069.0
14399898.0
14405987.0
14403722.0
14401602.0
14820507.0
14405516.0
14822005.0
14409650.0
14820906.0
14410589.0
14409284.0
14414094.0
14415370.0
14414262.0
14414862.0
14424401.0
14423993.0
14455827.0
14276464.0
14193031.0
14457352.0
14458894.0
14460120.0
14458251.0
14459696.0
14458049.0
14459126.0
14458098.0
14458151.0
14826742.0
14470223.0
14469708.0
14466600.0
14469324.0
14472980.0
14477126.0
14474928.0
14478900.0
14481985.0
14485496.0
14484730.0
14486832.0
14486621.0
14489355.0
14484939.0
14484974.0
14484984.0
14484442.0
14484484.0
14486042.0
14491004.0
14491600.0
14497902.0
14496444.0
14494474.0
14490538.0
14498181.0
14496091.0
14497544.0
14501347.0
14505953.0
14500090.0
14504236.0
14502430.0
14505618.0
14501996.0
14504925.0
14502968.0
14504663.0
14830830.0
14512196.0
14830641.0
14509904.0
14829881.0
14514790.0
14512623.0
14640433.0
14639818.0
14639239.0
14520678.0
14527088.0
14524159.0
14523528.0
14530221.0
14537818.0
14537515.0
14545418.0
14543200.0
14541482.0
14543348.0
14548154.0
14541289.0
14553026.0
14545645.0
14546101.0
14544128.0
14546227.0
14545887.0
14554457.0
14554540.0
14560882.0
14555895.0
14550081.0
14559655.0
14563072.0
14565615.0
14567079.0
14565151.0
14054391.0
14128446.0
14575258.0
14128004.0
14295882.0
14567664.0
14569697.0
14573354.0
14053706.0
14166396.0
14151867.0
14150688.0
14643160.0
14643219.0
14645098.0
14643098.0
14043542.0
14054600.0
14577525.0
14579626.0
14264011.0
14143509.0
14580467.0
14644450.0
14644572.0
14645236.0
14645236.0
14576138.0
14286369.0
14048502.0
14220688.0
14816638.0
14816671.0
14144937.0
14103886.0
14650090.0
14858533.0
14622912.0
14858644.0
14858818.0
14161093.0
14654751.0
14652310.0
14652381.0
14648579.0
14655888.0
14123753.0
14650739.0
14098701.0
14000357.0
14199248.0
14247463.0
14072905.0
14261413.0
14262390.0
14656836.0
14613957.0
14859778.0
14628370.0
14161198.0
14659645.0
14214917.0
14124216.0
14016413.0
14850372.0
14311121.0
14158193.0
14461820.0
14277537.0
14114145.0
14114582.0
14660860.0
14663086.0
14460870.0
14662674.0
14292862.0
14203958.0
14290350.0
14661702.0
14265590.0
14269463.0
14659366.0
14213240.0
14174334.0
14261052.0
14223681.0
14260212.0
14267897.0
14668141.0
14024188.0
14024188.0
14671390.0
14260736.0
14670115.0
14670124.0
14671777.0
14116839.0
14266549.0
14266375.0
14780626.0
14288141.0
14850975.0
14091573.0
14687745.0
14667505.0
14693043.0
14671994.0
14670873.0
14694473.0
14671923.0
14672174.0
14699045.0
14696748.0
14676855.0
14675676.0
14698799.0
14694734.0
14695954.0
14706771.0
14707195.0
14696072.0
14703484.0
14687244.0
14712643.0
14713579.0
14693787.0
14695455.0
14186340.0
14716794.0
14717528.0
14698600.0
14705497.0
14708596.0
14725408.0
14712597.0
14715851.0
14715944.0
14716629.0
14728068.0
14727770.0
14727841.0
14729161.0
14709501.0
14736013.0
14831534.0
14739254.0
14714703.0
14727088.0
14725564.0
14750962.0
14733042.0
14733109.0
14752084.0
14743174.0
14734058.0
14734106.0
14734918.0
14752383.0
14752747.0
14743287.0
14746325.0
14730383.0
14752493.0
14738687.0
14757921.0
14730960.0
14742701.0
14740595.0
14747078.0
14751598.0
14733584.0
14751533.0
14776987.0
14749184.0
14778190.0
14778870.0
14753207.0
14761352.0
14758306.0
14764405.0
14744907.0
14763133.0
14764311.0
14766236.0
14732933.0
14768696.0
14769012.0
14744566.0
14769888.0
14770622.0
14770671.0
14770693.0
14733632.0
14800277.0
14762366.0
14758446.0
14762054.0
14758286.0
14763583.0
14784435.0
14764758.0
14768273.0
14789333.0
14791689.0
14768304.0
14769509.0
14793979.0
14771258.0
14794917.0
14795801.0
14769148.0
14771281.0
14796769.0
14772861.0
14798122.0
14804634.0
14041049.0
14041120.0
14188872.0
14188872.0
14674831.0
14674843.0
14804854.0
14807431.0
14783008.0
14783060.0
14808155.0
14306348.0
14809914.0
14809918.0
14788690.0
14811785.0
14792552.0
14790697.0
14792409.0
14812815.0
14813479.0
14806560.0
14808755.0
14808458.0
14808465.0
14811011.0
14838109.0
14835942.0
14813087.0
14813693.0
14843236.0
14844563.0
14837362.0
14814284.0
14248960.0
14077317.0
14855886.0
14230421.0
14083177.0
14123578.0
14002353.0
14002800.0
14856718.0
14166289.0
14069477.0
14614719.0
14198656.0
14841963.0
14816809.0
14844482.0
14845631.0
14852636.0
14164306.0
14096278.0
14216032.0
14281810.0
14282206.0
14313635.0
14242076.0
14096388.0
14266575.0
14168036.0
14088607.0
14851752.0
14157311.0
14089095.0
14096615.0
14167849.0
14167849.0
14654785.0
14167955.0
14656310.0
14155078.0
14238732.0
14580475.0
14239567.0
14240081.0
14009895.0
14007067.0
14049152.0
14007417.0
14007212.0
14012295.0
14014674.0
14014712.0
14001960.0
14013334.0
14012447.0
14019660.0
14019852.0
14047867.0
14021957.0
14015074.0
14018929.0
14243469.0
14021847.0
14022385.0
14041992.0
14029735.0
14024146.0
14023761.0
14001387.0
14036448.0
14029599.0
14040547.0
14045870.0
14042606.0
14042693.0
14257958.0
14259843.0
14259843.0
14040880.0
14260257.0
14286298.0
14044879.0
14045188.0
14289858.0
14042139.0
14286253.0
14051046.0
14260736.0
14048633.0
14287392.0
14276299.0
14056763.0
14275299.0
14275299.0
14263829.0
14169164.0
14619183.0
14064643.0
14062757.0
14008954.0
14010273.0
14065060.0
14067587.0
14073820.0
14069197.0
14070580.0
14070595.0
14078805.0
14080373.0
14080754.0
14084030.0
14070940.0
14091539.0
14022014.0
14093147.0
14093169.0
14093193.0
14076333.0
14077317.0
14092034.0
14072528.0
14097095.0
14034863.0
14094907.0
14094907.0
14094907.0
14086956.0
14039734.0
14039757.0
14031042.0
14091243.0
14036369.0
14104280.0
14106221.0
14104938.0
14105834.0
14043561.0
14049319.0
14117744.0
14117209.0
14120921.0
14053882.0
14053366.0
14126364.0
14055258.0
14116691.0
14053657.0
14058070.0
14053664.0
14058162.0
14060798.0
14133088.0
14127503.0
14131539.0
14132947.0
14133059.0
14134840.0
14063801.0
14063115.0
14134444.0
14132301.0
14122335.0
14134905.0
14132211.0
14067677.0
14080070.0
14087845.0
14078618.0
14141931.0
14132481.0
14078971.0
14082359.0
14148426.0
14089095.0
14089095.0
14154847.0
14154874.0
14085154.0
14158053.0
14154137.0
14151254.0
14027402.0
14158711.0
14099048.0
14097080.0
14106578.0
14170092.0
14107134.0
14167832.0
14107657.0
14210020.0
14111357.0
14176363.0
14113914.0
14178649.0
14116801.0
14143509.0
14183243.0
14184340.0
14180810.0
14181202.0
14182099.0
14184098.0
14176842.0
14143097.0
14115921.0
14114709.0
14182805.0
14124932.0
14189750.0
14190759.0
14193215.0
14201194.0
14203254.0
14203258.0
14129880.0
14129900.0
14207354.0
14204637.0
14205288.0
14130109.0
14123312.0
14130688.0
14130016.0
14123362.0
14211444.0
14212551.0
14138890.0
14152332.0
14212491.0
14152758.0
14212071.0
14214118.0
14148144.0
14148642.0
14150060.0
14151873.0
14151611.0
14160206.0
14160516.0
14160687.0
14160022.0
14182551.0
14220695.0
14157176.0
14161900.0
14183269.0
14183515.0
14167188.0
14227032.0
14162377.0
14185613.0
14082087.0
14234258.0
14172921.0
14173420.0
14166396.0
14166396.0
14233440.0
14239747.0
14239006.0
14188156.0
14189419.0
14188872.0
14246420.0
14188906.0
14198465.0
14248155.0
14249806.0
14250707.0
14250758.0
14249879.0
14198692.0
14251770.0
14255113.0
14251358.0
14250623.0
14257547.0
14258692.0
14259431.0
14199262.0
14262470.0
14255852.0
14258286.0
14265033.0
14123429.0
14202210.0
14200498.0
14264962.0
14203984.0
14268721.0
14268486.0
14216134.0
14212833.0
14268414.0
14271961.0
14270349.0
14212914.0
14207438.0
14272794.0
14273599.0
14275616.0
14271610.0
14274133.0
14278370.0
14275698.0
14215805.0
14273489.0
14215850.0
14279876.0
14280523.0
14281319.0
14281507.0
14285271.0
14221367.0
14280731.0
14283105.0
14220811.0
14280042.0
14224556.0
14174175.0
14287396.0
14220831.0
14291499.0
14221651.0
14295047.0
14295047.0
14295283.0
14293695.0
14174479.0
14301379.0
14299005.0
14297636.0
14297289.0
14236670.0
14237164.0
14302226.0
14234990.0
14234662.0
14297234.0
14307363.0
14310209.0
14305748.0
14315471.0
14316883.0
14318697.0
14317727.0
14325454.0
14316378.0
14335268.0
14337615.0
14339872.0
14337328.0
14336752.0
14342702.0
14342929.0
14344772.0
14345322.0
14348503.0
14344640.0
14347020.0
14346782.0
14347451.0
14352889.0
14350793.0
14351354.0
14351804.0
14352232.0
14353211.0
14356221.0
14359836.0
14359647.0
14367384.0
14364974.0
14368898.0
14373951.0
14372563.0
14378400.0
14390322.0
14385007.0
14383518.0
14386026.0
14387508.0
14387633.0
14387364.0
14387364.0
14386671.0
14387116.0
14391775.0
14395386.0
14397436.0
14397741.0
14397117.0
14401240.0
14400601.0
14399379.0
14402460.0
14403677.0
14820427.0
14820431.0
14405813.0
14405358.0
14821061.0
14823092.0
14821781.0
14822248.0
14425307.0
14419005.0
14417620.0
14417825.0
14417829.0
14423871.0
14421462.0
14429123.0
14434651.0
14427691.0
14436042.0
14433113.0
14441257.0
14445182.0
14451141.0
14449021.0
14448638.0
14455208.0
14462411.0
14454134.0
14464229.0
14460568.0
14457548.0
14459128.0
14457650.0
14465499.0
14826185.0
14463888.0
14464988.0
14475314.0
14469154.0
14472712.0
14467044.0
14484763.0
14472272.0
14475119.0
14476423.0
14486944.0
14489536.0
14488984.0
14492598.0
14492625.0
14483585.0
14489205.0
14491008.0
14496421.0
14485629.0
14497123.0
14493441.0
14495171.0
14495171.0
14497874.0
14483967.0
14498988.0
14495599.0
14499643.0
14498442.0
14501848.0
14503965.0
14501678.0
14831242.0
14510488.0
14511949.0
14501172.0
14539943.0
14546162.0
14539893.0
14542541.0
14545651.0
14548628.0
14548709.0
14510314.0
14543715.0
14545307.0
14549600.0
14542230.0
14543740.0
14545155.0
14548278.0
14547784.0
14547951.0
14554415.0
14556160.0
14552451.0
14553396.0
14554855.0
14540878.0
14539615.0
14540693.0
14543201.0
14546036.0
14546407.0
14593566.0
14585587.0
14582287.0
14578766.0
14581499.0
14581121.0
14557551.0
14592410.0
14591975.0
14593127.0
14594045.0
14596981.0
14591652.0
14580876.0
14567610.0
14567237.0
14569226.0
14518566.0
14561349.0
14561452.0
14531790.0
14536252.0
14514790.0
14517752.0
14523191.0
14518886.0
14526835.0
14528859.0
14523414.0
14529234.0
14626959.0
14627200.0
14627964.0
14750476.0
14612984.0
14224714.0
14616263.0
14618319.0
14619397.0
14858517.0
14621588.0
14622805.0
14621975.0
14623668.0
14623093.0
14623825.0
14624746.0
14629702.0
14626752.0
14653444.0
14650563.0
14653396.0
14654321.0
14654086.0
14650051.0
14650618.0
14650666.0
14656787.0
14657048.0
14230807.0
14658152.0
14648789.0
14660099.0
14230717.0
14662497.0
14663140.0
14637603.0
14638251.0
14648282.0
14636640.0
14635726.0
14634441.0
14636655.0
14636660.0
14633944.0
14638576.0
14638731.0
14640386.0
14641561.0
14641800.0
14640971.0
14641050.0
14643470.0
14639014.0
14643365.0
14644572.0
14644572.0
14644450.0
14630310.0
14630379.0
14607582.0
14610444.0
14610425.0
14611184.0
14611159.0
14611119.0
14236418.0
14605725.0
14607934.0
14608892.0
14225884.0
14601484.0
14611440.0
14722328.0
14691036.0
14694358.0
14694358.0
14683572.0
14683572.0
14729378.0
14694155.0
14689431.0
14692960.0
14682132.0
14696072.0
14832648.0
14686524.0
14720351.0
14720206.0
14724061.0
14727225.0
14705497.0
14704391.0
14729763.0
14731342.0
14731662.0
14701355.0
14732812.0
14716838.0
14707195.0
14712382.0
14705731.0
14716453.0
14714958.0
14714994.0
14708238.0
14713251.0
14715878.0
14715773.0
14715486.0
14705263.0
14698760.0
14704936.0
14264715.0
14676030.0
14679386.0
14761352.0
14681205.0
14665202.0
14667577.0
14668468.0
14670606.0
14671214.0
14671545.0
14674644.0
14674716.0
14675286.0
14675812.0
14750500.0
14750433.0
14797258.0
14754082.0
14753218.0
14758059.0
14758246.0
14758320.0
14759356.0
14755043.0
14756597.0
14758735.0
14764308.0
14764497.0
14764497.0
14764150.0
14748718.0
14763032.0
14792458.0
14767135.0
14794832.0
14795399.0
14796654.0
14796105.0
14768959.0
14799344.0
14766143.0
14801635.0
14779064.0
14767285.0
14785606.0
14785472.0
14769290.0
14768655.0
14770299.0
14770463.0
14741429.0
14770824.0
14771325.0
14741311.0
14777973.0
14781208.0
14781883.0
14782016.0
14781250.0
14734918.0
14765513.0
14734056.0
14733952.0
14734012.0
14735653.0
14736515.0
14768070.0
14768483.0
14767951.0
14859282.0
14746143.0
14734512.0
14738620.0
14736747.0
14744662.0
14737490.0
14815230.0
14744375.0
14815764.0
14844737.0
14850578.0
14857013.0
14842708.0
14851591.0
14851331.0
14856047.0
14843062.0
14856793.0
14845201.0
14838791.0
14842973.0
14614603.0
14853593.0
14813806.0
14812078.0
14807803.0
14807867.0
14810422.0
14843226.0
14803754.0
14809454.0
14809454.0
14838109.0
14805259.0
14250680.0
14804771.0
14807441.0
14808207.0
14809806.0
14580333.0
14816641.0
14266772.0
14854162.0
14814050.0
14823386.0
14250024.0
14267028.0
14314235.0
14649164.0
