1
2
3
4
1
2
3
4
5
7
8
9
1
2
3
4
1
2
3
1
2
1
10
11
2
3
4
5
6
7
8
9
1
2
1
2
3
4
1
2
3
4
5
6
1
2
3
4
5
1
2
3
4
5
6
7
8
9
1
10
11
12
13
14
2
3
4
5
6
7
8
1
11
12
13
14
15
16
18
19
20
21
22
23
25
27
28
29
30
31
32
33
34
35
36
37
38
39
4
40
5
8
1
2
3
1
2
3
4
5
1
10
11
12
13
14
15
16
17
18
19
2
20
21
22
23
24
25
26
27
3
30
31
32
4
5
6
7
8
9
1
10
11
12
13
14
15
16
17
18
19
2
20
21
22
23
3
4
5
6
7
8
9
1
10
11
12
13
15
16
17
18
19
2
21
23
24
25
26
27
28
30
31
32
33
34
35
36
37
38
4
5
6
7
8
9
1
10
2
3
4
6
7
1
10
11
12
12
13
14
2
3
4
5
6
7
8
9
1
2
1
2
1
2
1
2
3
1
2
3
1
2
3
4
5
6
1
2
3
4
5
6
7
1
2
1
2
3
4
9
1
2
1
10
11
5
6
7
8
9
0
1
2
0
0
0
